7/19/2007 12:00:00 AM .dat file Constant Record Subbasin  7in ARCGIS-SWAT2005  interface




 MONTH YEAR          FLOCNST          SEDCNST         ORGNCNST         ORGPCNST          NO3CNST          NH3CNST          NO2CNST         MINPCNST         CBODCNST        DISOXCNST         CHLACNST       SOLPSTCNST       SRBPSTCNST        BACTPCNST       BACTLPCNST        CMTL1CNST        CMTL2CNST        CMTL3CNST
     1 1991 3.5080000000E+03 4.0000000000E-02 0.0000000000E+00 1.1480000000E+01 0.0000000000E+00 0.0000000000E+00 0.0000000000E+00 2.5600000000E+01 0.0000000000E+00 0.0000000000E+00 0.0000000000E+00 0.0000000000E+00 0.0000000000E+00 0.0000000000E+00 0.0000000000E+00 0.0000000000E+00 0.0000000000E+00 0.0000000000E+00
     2 1991 3.5080000000E+03 4.0000000000E-02 0.0000000000E+00 1.1480000000E+01 0.0000000000E+00 0.0000000000E+00 0.0000000000E+00 2.5600000000E+01 0.0000000000E+00 0.0000000000E+00 0.0000000000E+00 0.0000000000E+00 0.0000000000E+00 0.0000000000E+00 0.0000000000E+00 0.0000000000E+00 0.0000000000E+00 0.0000000000E+00
     3 1991 3.5080000000E+03 4.0000000000E-02 0.0000000000E+00 1.1480000000E+01 0.0000000000E+00 0.0000000000E+00 0.0000000000E+00 2.5600000000E+01 0.0000000000E+00 0.0000000000E+00 0.0000000000E+00 0.0000000000E+00 0.0000000000E+00 0.0000000000E+00 0.0000000000E+00 0.0000000000E+00 0.0000000000E+00 0.0000000000E+00
     4 1991 3.5080000000E+03 4.0000000000E-02 0.0000000000E+00 1.1480000000E+01 0.0000000000E+00 0.0000000000E+00 0.0000000000E+00 2.5600000000E+01 0.0000000000E+00 0.0000000000E+00 0.0000000000E+00 0.0000000000E+00 0.0000000000E+00 0.0000000000E+00 0.0000000000E+00 0.0000000000E+00 0.0000000000E+00 0.0000000000E+00
     5 1991 3.5080000000E+03 4.0000000000E-02 0.0000000000E+00 1.1480000000E+01 0.0000000000E+00 0.0000000000E+00 0.0000000000E+00 2.5600000000E+01 0.0000000000E+00 0.0000000000E+00 0.0000000000E+00 0.0000000000E+00 0.0000000000E+00 0.0000000000E+00 0.0000000000E+00 0.0000000000E+00 0.0000000000E+00 0.0000000000E+00
     6 1991 3.5080000000E+03 4.0000000000E-02 0.0000000000E+00 1.1480000000E+01 0.0000000000E+00 0.0000000000E+00 0.0000000000E+00 2.5600000000E+01 0.0000000000E+00 0.0000000000E+00 0.0000000000E+00 0.0000000000E+00 0.0000000000E+00 0.0000000000E+00 0.0000000000E+00 0.0000000000E+00 0.0000000000E+00 0.0000000000E+00
     7 1991 3.5080000000E+03 4.0000000000E-02 0.0000000000E+00 1.1480000000E+01 0.0000000000E+00 0.0000000000E+00 0.0000000000E+00 2.5600000000E+01 0.0000000000E+00 0.0000000000E+00 0.0000000000E+00 0.0000000000E+00 0.0000000000E+00 0.0000000000E+00 0.0000000000E+00 0.0000000000E+00 0.0000000000E+00 0.0000000000E+00
     8 1991 3.5080000000E+03 4.0000000000E-02 0.0000000000E+00 1.1480000000E+01 0.0000000000E+00 0.0000000000E+00 0.0000000000E+00 2.5600000000E+01 0.0000000000E+00 0.0000000000E+00 0.0000000000E+00 0.0000000000E+00 0.0000000000E+00 0.0000000000E+00 0.0000000000E+00 0.0000000000E+00 0.0000000000E+00 0.0000000000E+00
     9 1991 3.5080000000E+03 4.0000000000E-02 0.0000000000E+00 1.1480000000E+01 0.0000000000E+00 0.0000000000E+00 0.0000000000E+00 2.5600000000E+01 0.0000000000E+00 0.0000000000E+00 0.0000000000E+00 0.0000000000E+00 0.0000000000E+00 0.0000000000E+00 0.0000000000E+00 0.0000000000E+00 0.0000000000E+00 0.0000000000E+00
    10 1991 3.5182000000E+03 4.0000000000E-02 0.0000000000E+00 8.1600000000E+00 0.0000000000E+00 0.0000000000E+00 0.0000000000E+00 2.0610000000E+01 0.0000000000E+00 0.0000000000E+00 0.0000000000E+00 0.0000000000E+00 0.0000000000E+00 0.0000000000E+00 0.0000000000E+00 0.0000000000E+00 0.0000000000E+00 0.0000000000E+00
    11 1991 3.6083000000E+03 4.0000000000E-02 0.0000000000E+00 9.4800000000E+00 0.0000000000E+00 0.0000000000E+00 0.0000000000E+00 2.2600000000E+01 0.0000000000E+00 0.0000000000E+00 0.0000000000E+00 0.0000000000E+00 0.0000000000E+00 0.0000000000E+00 0.0000000000E+00 0.0000000000E+00 0.0000000000E+00 0.0000000000E+00
    12 1991 3.6242000000E+03 4.0000000000E-02 0.0000000000E+00 7.9600000000E+00 0.0000000000E+00 0.0000000000E+00 0.0000000000E+00 2.0320000000E+01 0.0000000000E+00 0.0000000000E+00 0.0000000000E+00 0.0000000000E+00 0.0000000000E+00 0.0000000000E+00 0.0000000000E+00 0.0000000000E+00 0.0000000000E+00 0.0000000000E+00
     1 1992 3.5759000000E+03 4.0000000000E-02 0.0000000000E+00 8.8400000000E+00 0.0000000000E+00 0.0000000000E+00 0.0000000000E+00 2.1640000000E+01 0.0000000000E+00 0.0000000000E+00 0.0000000000E+00 0.0000000000E+00 0.0000000000E+00 0.0000000000E+00 0.0000000000E+00 0.0000000000E+00 0.0000000000E+00 0.0000000000E+00
     2 1992 3.4686000000E+03 4.0000000000E-02 0.0000000000E+00 1.3030000000E+01 0.0000000000E+00 0.0000000000E+00 0.0000000000E+00 2.7920000000E+01 0.0000000000E+00 0.0000000000E+00 0.0000000000E+00 0.0000000000E+00 0.0000000000E+00 0.0000000000E+00 0.0000000000E+00 0.0000000000E+00 0.0000000000E+00 0.0000000000E+00
     3 1992 3.7834000000E+03 4.0000000000E-02 0.0000000000E+00 1.5320000000E+01 0.0000000000E+00 0.0000000000E+00 0.0000000000E+00 3.1360000000E+01 0.0000000000E+00 0.0000000000E+00 0.0000000000E+00 0.0000000000E+00 0.0000000000E+00 0.0000000000E+00 0.0000000000E+00 0.0000000000E+00 0.0000000000E+00 0.0000000000E+00
     4 1992 3.9143000000E+03 4.0000000000E-02 0.0000000000E+00 1.7260000000E+01 0.0000000000E+00 0.0000000000E+00 0.0000000000E+00 3.4270000000E+01 0.0000000000E+00 0.0000000000E+00 0.0000000000E+00 0.0000000000E+00 0.0000000000E+00 0.0000000000E+00 0.0000000000E+00 0.0000000000E+00 0.0000000000E+00 0.0000000000E+00
     5 1992 3.4740000000E+03 4.0000000000E-02 0.0000000000E+00 1.5370000000E+01 0.0000000000E+00 0.0000000000E+00 0.0000000000E+00 3.1430000000E+01 0.0000000000E+00 0.0000000000E+00 0.0000000000E+00 0.0000000000E+00 0.0000000000E+00 0.0000000000E+00 0.0000000000E+00 0.0000000000E+00 0.0000000000E+00 0.0000000000E+00
     6 1992 3.5389000000E+03 4.0000000000E-02 0.0000000000E+00 2.0990000000E+01 0.0000000000E+00 0.0000000000E+00 0.0000000000E+00 3.9860000000E+01 0.0000000000E+00 0.0000000000E+00 0.0000000000E+00 0.0000000000E+00 0.0000000000E+00 0.0000000000E+00 0.0000000000E+00 0.0000000000E+00 0.0000000000E+00 0.0000000000E+00
     7 1992 3.2118000000E+03 4.0000000000E-02 0.0000000000E+00 1.2060000000E+01 0.0000000000E+00 0.0000000000E+00 0.0000000000E+00 2.6470000000E+01 0.0000000000E+00 0.0000000000E+00 0.0000000000E+00 0.0000000000E+00 0.0000000000E+00 0.0000000000E+00 0.0000000000E+00 0.0000000000E+00 0.0000000000E+00 0.0000000000E+00
     8 1992 3.2931000000E+03 4.0000000000E-02 0.0000000000E+00 1.4930000000E+01 0.0000000000E+00 0.0000000000E+00 0.0000000000E+00 3.0770000000E+01 0.0000000000E+00 0.0000000000E+00 0.0000000000E+00 0.0000000000E+00 0.0000000000E+00 0.0000000000E+00 0.0000000000E+00 0.0000000000E+00 0.0000000000E+00 0.0000000000E+00
     9 1992 3.3238000000E+03 4.0000000000E-02 0.0000000000E+00 1.1170000000E+01 0.0000000000E+00 0.0000000000E+00 0.0000000000E+00 2.5130000000E+01 0.0000000000E+00 0.0000000000E+00 0.0000000000E+00 0.0000000000E+00 0.0000000000E+00 0.0000000000E+00 0.0000000000E+00 0.0000000000E+00 0.0000000000E+00 0.0000000000E+00
    10 1992 3.3067000000E+03 4.0000000000E-02 0.0000000000E+00 4.2900000000E+00 0.0000000000E+00 0.0000000000E+00 0.0000000000E+00 1.4820000000E+01 0.0000000000E+00 0.0000000000E+00 0.0000000000E+00 0.0000000000E+00 0.0000000000E+00 0.0000000000E+00 0.0000000000E+00 0.0000000000E+00 0.0000000000E+00 0.0000000000E+00
    11 1992 3.6579000000E+03 4.0000000000E-02 0.0000000000E+00 4.4900000000E+00 0.0000000000E+00 0.0000000000E+00 0.0000000000E+00 1.5120000000E+01 0.0000000000E+00 0.0000000000E+00 0.0000000000E+00 0.0000000000E+00 0.0000000000E+00 0.0000000000E+00 0.0000000000E+00 0.0000000000E+00 0.0000000000E+00 0.0000000000E+00
    12 1992 3.3213000000E+03 4.0000000000E-02 0.0000000000E+00 8.8900000000E+00 0.0000000000E+00 0.0000000000E+00 0.0000000000E+00 2.1720000000E+01 0.0000000000E+00 0.0000000000E+00 0.0000000000E+00 0.0000000000E+00 0.0000000000E+00 0.0000000000E+00 0.0000000000E+00 0.0000000000E+00 0.0000000000E+00 0.0000000000E+00
     1 1993 3.8483000000E+03 4.0000000000E-02 0.0000000000E+00 6.1300000000E+00 0.0000000000E+00 0.0000000000E+00 0.0000000000E+00 1.7570000000E+01 0.0000000000E+00 0.0000000000E+00 0.0000000000E+00 0.0000000000E+00 0.0000000000E+00 0.0000000000E+00 0.0000000000E+00 0.0000000000E+00 0.0000000000E+00 0.0000000000E+00
     2 1993 3.1173000000E+03 4.0000000000E-02 0.0000000000E+00 4.7100000000E+00 0.0000000000E+00 0.0000000000E+00 0.0000000000E+00 1.5440000000E+01 0.0000000000E+00 0.0000000000E+00 0.0000000000E+00 0.0000000000E+00 0.0000000000E+00 0.0000000000E+00 0.0000000000E+00 0.0000000000E+00 0.0000000000E+00 0.0000000000E+00
     3 1993 3.1836000000E+03 4.0000000000E-02 0.0000000000E+00 3.9300000000E+00 0.0000000000E+00 0.0000000000E+00 0.0000000000E+00 1.4270000000E+01 0.0000000000E+00 0.0000000000E+00 0.0000000000E+00 0.0000000000E+00 0.0000000000E+00 0.0000000000E+00 0.0000000000E+00 0.0000000000E+00 0.0000000000E+00 0.0000000000E+00
     4 1993 6.0105000000E+03 4.0000000000E-02 0.0000000000E+00 4.9700000000E+00 0.0000000000E+00 0.0000000000E+00 0.0000000000E+00 1.5830000000E+01 0.0000000000E+00 0.0000000000E+00 0.0000000000E+00 0.0000000000E+00 0.0000000000E+00 0.0000000000E+00 0.0000000000E+00 0.0000000000E+00 0.0000000000E+00 0.0000000000E+00
     5 1993 3.3614000000E+03 4.0000000000E-02 0.0000000000E+00 1.3600000000E+00 0.0000000000E+00 0.0000000000E+00 0.0000000000E+00 1.0420000000E+01 0.0000000000E+00 0.0000000000E+00 0.0000000000E+00 0.0000000000E+00 0.0000000000E+00 0.0000000000E+00 0.0000000000E+00 0.0000000000E+00 0.0000000000E+00 0.0000000000E+00
     6 1993 3.0602000000E+03 4.0000000000E-02 0.0000000000E+00 1.3200000000E+00 0.0000000000E+00 0.0000000000E+00 0.0000000000E+00 1.0360000000E+01 0.0000000000E+00 0.0000000000E+00 0.0000000000E+00 0.0000000000E+00 0.0000000000E+00 0.0000000000E+00 0.0000000000E+00 0.0000000000E+00 0.0000000000E+00 0.0000000000E+00
     7 1993 2.5162000000E+03 4.0000000000E-02 0.0000000000E+00 1.8400000000E+00 0.0000000000E+00 0.0000000000E+00 0.0000000000E+00 1.1140000000E+01 0.0000000000E+00 0.0000000000E+00 0.0000000000E+00 0.0000000000E+00 0.0000000000E+00 0.0000000000E+00 0.0000000000E+00 0.0000000000E+00 0.0000000000E+00 0.0000000000E+00
     8 1993 2.7408000000E+03 4.0000000000E-02 0.0000000000E+00 8.2000000000E-01 0.0000000000E+00 0.0000000000E+00 0.0000000000E+00 9.6100000000E+00 0.0000000000E+00 0.0000000000E+00 0.0000000000E+00 0.0000000000E+00 0.0000000000E+00 0.0000000000E+00 0.0000000000E+00 0.0000000000E+00 0.0000000000E+00 0.0000000000E+00
     9 1993 3.5030000000E+03 4.0000000000E-02 0.0000000000E+00 1.5500000000E+00 0.0000000000E+00 0.0000000000E+00 0.0000000000E+00 1.0710000000E+01 0.0000000000E+00 0.0000000000E+00 0.0000000000E+00 0.0000000000E+00 0.0000000000E+00 0.0000000000E+00 0.0000000000E+00 0.0000000000E+00 0.0000000000E+00 0.0000000000E+00
    10 1993 3.4091000000E+03 4.0000000000E-02 0.0000000000E+00 1.3400000000E+00 0.0000000000E+00 0.0000000000E+00 0.0000000000E+00 1.0380000000E+01 0.0000000000E+00 0.0000000000E+00 0.0000000000E+00 0.0000000000E+00 0.0000000000E+00 0.0000000000E+00 0.0000000000E+00 0.0000000000E+00 0.0000000000E+00 0.0000000000E+00
    11 1993 3.2422000000E+03 4.0000000000E-02 0.0000000000E+00 7.0000000000E-01 0.0000000000E+00 0.0000000000E+00 0.0000000000E+00 9.4200000000E+00 0.0000000000E+00 0.0000000000E+00 0.0000000000E+00 0.0000000000E+00 0.0000000000E+00 0.0000000000E+00 0.0000000000E+00 0.0000000000E+00 0.0000000000E+00 0.0000000000E+00
    12 1993 3.2174000000E+03 4.0000000000E-02 0.0000000000E+00 9.3000000000E-01 0.0000000000E+00 0.0000000000E+00 0.0000000000E+00 9.7700000000E+00 0.0000000000E+00 0.0000000000E+00 0.0000000000E+00 0.0000000000E+00 0.0000000000E+00 0.0000000000E+00 0.0000000000E+00 0.0000000000E+00 0.0000000000E+00 0.0000000000E+00
     1 1994 3.3224000000E+03 4.0000000000E-02 0.0000000000E+00 8.5000000000E-01 0.0000000000E+00 0.0000000000E+00 0.0000000000E+00 9.6500000000E+00 0.0000000000E+00 0.0000000000E+00 0.0000000000E+00 0.0000000000E+00 0.0000000000E+00 0.0000000000E+00 0.0000000000E+00 0.0000000000E+00 0.0000000000E+00 0.0000000000E+00
     2 1994 4.2348000000E+03 4.0000000000E-02 0.0000000000E+00 2.4800000000E+00 0.0000000000E+00 0.0000000000E+00 0.0000000000E+00 1.2100000000E+01 0.0000000000E+00 0.0000000000E+00 0.0000000000E+00 0.0000000000E+00 0.0000000000E+00 0.0000000000E+00 0.0000000000E+00 0.0000000000E+00 0.0000000000E+00 0.0000000000E+00
     3 1994 5.1746000000E+03 4.0000000000E-02 0.0000000000E+00 2.1700000000E+00 0.0000000000E+00 0.0000000000E+00 0.0000000000E+00 1.1630000000E+01 0.0000000000E+00 0.0000000000E+00 0.0000000000E+00 0.0000000000E+00 0.0000000000E+00 0.0000000000E+00 0.0000000000E+00 0.0000000000E+00 0.0000000000E+00 0.0000000000E+00
     4 1994 5.4017000000E+03 4.0000000000E-02 0.0000000000E+00 9.7000000000E-01 0.0000000000E+00 0.0000000000E+00 0.0000000000E+00 9.8300000000E+00 0.0000000000E+00 0.0000000000E+00 0.0000000000E+00 0.0000000000E+00 0.0000000000E+00 0.0000000000E+00 0.0000000000E+00 0.0000000000E+00 0.0000000000E+00 0.0000000000E+00
     5 1994 4.0808000000E+03 4.0000000000E-02 0.0000000000E+00 1.7300000000E+00 0.0000000000E+00 0.0000000000E+00 0.0000000000E+00 1.0970000000E+01 0.0000000000E+00 0.0000000000E+00 0.0000000000E+00 0.0000000000E+00 0.0000000000E+00 0.0000000000E+00 0.0000000000E+00 0.0000000000E+00 0.0000000000E+00 0.0000000000E+00
     6 1994 4.1013000000E+03 4.0000000000E-02 0.0000000000E+00 3.7100000000E+00 0.0000000000E+00 0.0000000000E+00 0.0000000000E+00 1.3940000000E+01 0.0000000000E+00 0.0000000000E+00 0.0000000000E+00 0.0000000000E+00 0.0000000000E+00 0.0000000000E+00 0.0000000000E+00 0.0000000000E+00 0.0000000000E+00 0.0000000000E+00
     7 1994 3.9414000000E+03 4.0000000000E-02 0.0000000000E+00 5.0400000000E+00 0.0000000000E+00 0.0000000000E+00 0.0000000000E+00 1.5940000000E+01 0.0000000000E+00 0.0000000000E+00 0.0000000000E+00 0.0000000000E+00 0.0000000000E+00 0.0000000000E+00 0.0000000000E+00 0.0000000000E+00 0.0000000000E+00 0.0000000000E+00
     8 1994 4.2231000000E+03 4.0000000000E-02 0.0000000000E+00 4.1300000000E+00 0.0000000000E+00 0.0000000000E+00 0.0000000000E+00 1.4570000000E+01 0.0000000000E+00 0.0000000000E+00 0.0000000000E+00 0.0000000000E+00 0.0000000000E+00 0.0000000000E+00 0.0000000000E+00 0.0000000000E+00 0.0000000000E+00 0.0000000000E+00
     9 1994 3.6805000000E+03 4.0000000000E-02 0.0000000000E+00 1.3000000000E+00 0.0000000000E+00 0.0000000000E+00 0.0000000000E+00 1.0340000000E+01 0.0000000000E+00 0.0000000000E+00 0.0000000000E+00 0.0000000000E+00 0.0000000000E+00 0.0000000000E+00 0.0000000000E+00 0.0000000000E+00 0.0000000000E+00 0.0000000000E+00
    10 1994 2.9942000000E+03 4.0000000000E-02 0.0000000000E+00 8.9000000000E-01 0.0000000000E+00 0.0000000000E+00 0.0000000000E+00 9.7100000000E+00 0.0000000000E+00 0.0000000000E+00 0.0000000000E+00 0.0000000000E+00 0.0000000000E+00 0.0000000000E+00 0.0000000000E+00 0.0000000000E+00 0.0000000000E+00 0.0000000000E+00
    11 1994 3.4442000000E+03 4.0000000000E-02 0.0000000000E+00 1.0700000000E+00 0.0000000000E+00 0.0000000000E+00 0.0000000000E+00 9.9900000000E+00 0.0000000000E+00 0.0000000000E+00 0.0000000000E+00 0.0000000000E+00 0.0000000000E+00 0.0000000000E+00 0.0000000000E+00 0.0000000000E+00 0.0000000000E+00 0.0000000000E+00
    12 1994 3.7782000000E+03 4.0000000000E-02 0.0000000000E+00 1.8800000000E+00 0.0000000000E+00 0.0000000000E+00 0.0000000000E+00 1.1200000000E+01 0.0000000000E+00 0.0000000000E+00 0.0000000000E+00 0.0000000000E+00 0.0000000000E+00 0.0000000000E+00 0.0000000000E+00 0.0000000000E+00 0.0000000000E+00 0.0000000000E+00
     1 1995 3.8266000000E+03 4.0000000000E-02 0.0000000000E+00 1.1300000000E+00 0.0000000000E+00 0.0000000000E+00 0.0000000000E+00 2.1900000000E+00 0.0000000000E+00 0.0000000000E+00 0.0000000000E+00 0.0000000000E+00 0.0000000000E+00 0.0000000000E+00 0.0000000000E+00 0.0000000000E+00 0.0000000000E+00 0.0000000000E+00
     2 1995 3.4215000000E+03 4.0000000000E-02 0.0000000000E+00 7.4000000000E-01 0.0000000000E+00 0.0000000000E+00 0.0000000000E+00 1.6100000000E+00 0.0000000000E+00 0.0000000000E+00 0.0000000000E+00 0.0000000000E+00 0.0000000000E+00 0.0000000000E+00 0.0000000000E+00 0.0000000000E+00 0.0000000000E+00 0.0000000000E+00
     3 1995 3.8660000000E+03 4.0000000000E-02 0.0000000000E+00 8.2000000000E-01 0.0000000000E+00 0.0000000000E+00 0.0000000000E+00 1.7300000000E+00 0.0000000000E+00 0.0000000000E+00 0.0000000000E+00 0.0000000000E+00 0.0000000000E+00 0.0000000000E+00 0.0000000000E+00 0.0000000000E+00 0.0000000000E+00 0.0000000000E+00
     4 1995 3.5674000000E+03 4.0000000000E-02 0.0000000000E+00 1.0000000000E+00 0.0000000000E+00 0.0000000000E+00 0.0000000000E+00 2.0100000000E+00 0.0000000000E+00 0.0000000000E+00 0.0000000000E+00 0.0000000000E+00 0.0000000000E+00 0.0000000000E+00 0.0000000000E+00 0.0000000000E+00 0.0000000000E+00 0.0000000000E+00
     5 1995 3.3258000000E+03 4.0000000000E-02 0.0000000000E+00 9.1000000000E-01 0.0000000000E+00 0.0000000000E+00 0.0000000000E+00 1.8700000000E+00 0.0000000000E+00 0.0000000000E+00 0.0000000000E+00 0.0000000000E+00 0.0000000000E+00 0.0000000000E+00 0.0000000000E+00 0.0000000000E+00 0.0000000000E+00 0.0000000000E+00
     6 1995 3.5136000000E+03 4.0000000000E-02 0.0000000000E+00 2.8400000000E+00 0.0000000000E+00 0.0000000000E+00 0.0000000000E+00 4.7600000000E+00 0.0000000000E+00 0.0000000000E+00 0.0000000000E+00 0.0000000000E+00 0.0000000000E+00 0.0000000000E+00 0.0000000000E+00 0.0000000000E+00 0.0000000000E+00 0.0000000000E+00
     7 1995 3.1971000000E+03 4.0000000000E-02 0.0000000000E+00 1.3300000000E+00 0.0000000000E+00 0.0000000000E+00 0.0000000000E+00 2.5000000000E+00 0.0000000000E+00 0.0000000000E+00 0.0000000000E+00 0.0000000000E+00 0.0000000000E+00 0.0000000000E+00 0.0000000000E+00 0.0000000000E+00 0.0000000000E+00 0.0000000000E+00
     8 1995 3.3891000000E+03 4.0000000000E-02 0.0000000000E+00 6.0800000000E+00 0.0000000000E+00 0.0000000000E+00 0.0000000000E+00 9.6200000000E+00 0.0000000000E+00 0.0000000000E+00 0.0000000000E+00 0.0000000000E+00 0.0000000000E+00 0.0000000000E+00 0.0000000000E+00 0.0000000000E+00 0.0000000000E+00 0.0000000000E+00
     9 1995 3.0232000000E+03 4.0000000000E-02 0.0000000000E+00 3.5400000000E+00 0.0000000000E+00 0.0000000000E+00 0.0000000000E+00 5.8100000000E+00 0.0000000000E+00 0.0000000000E+00 0.0000000000E+00 0.0000000000E+00 0.0000000000E+00 0.0000000000E+00 0.0000000000E+00 0.0000000000E+00 0.0000000000E+00 0.0000000000E+00
    10 1995 4.6306000000E+03 4.0000000000E-02 0.0000000000E+00 1.6100000000E+00 0.0000000000E+00 0.0000000000E+00 0.0000000000E+00 2.9100000000E+00 0.0000000000E+00 0.0000000000E+00 0.0000000000E+00 0.0000000000E+00 0.0000000000E+00 0.0000000000E+00 0.0000000000E+00 0.0000000000E+00 0.0000000000E+00 0.0000000000E+00
    11 1995 4.8237000000E+03 4.0000000000E-02 0.0000000000E+00 7.2000000000E-01 0.0000000000E+00 0.0000000000E+00 0.0000000000E+00 1.5900000000E+00 0.0000000000E+00 0.0000000000E+00 0.0000000000E+00 0.0000000000E+00 0.0000000000E+00 0.0000000000E+00 0.0000000000E+00 0.0000000000E+00 0.0000000000E+00 0.0000000000E+00
    12 1995 4.0496000000E+03 4.0000000000E-02 0.0000000000E+00 2.4400000000E+00 0.0000000000E+00 0.0000000000E+00 0.0000000000E+00 4.1600000000E+00 0.0000000000E+00 0.0000000000E+00 0.0000000000E+00 0.0000000000E+00 0.0000000000E+00 0.0000000000E+00 0.0000000000E+00 0.0000000000E+00 0.0000000000E+00 0.0000000000E+00
     1 1996 7.5322000000E+03 4.0000000000E-02 0.0000000000E+00 3.5200000000E+00 0.0000000000E+00 0.0000000000E+00 0.0000000000E+00 5.4300000000E+00 0.0000000000E+00 0.0000000000E+00 0.0000000000E+00 0.0000000000E+00 0.0000000000E+00 0.0000000000E+00 0.0000000000E+00 0.0000000000E+00 0.0000000000E+00 0.0000000000E+00
     2 1996 5.1304000000E+03 4.0000000000E-02 0.0000000000E+00 3.7000000000E-01 0.0000000000E+00 0.0000000000E+00 0.0000000000E+00 7.1000000000E-01 0.0000000000E+00 0.0000000000E+00 0.0000000000E+00 0.0000000000E+00 0.0000000000E+00 0.0000000000E+00 0.0000000000E+00 0.0000000000E+00 0.0000000000E+00 0.0000000000E+00
     3 1996 5.1041000000E+03 4.0000000000E-02 0.0000000000E+00 5.9000000000E-01 0.0000000000E+00 0.0000000000E+00 0.0000000000E+00 1.0400000000E+00 0.0000000000E+00 0.0000000000E+00 0.0000000000E+00 0.0000000000E+00 0.0000000000E+00 0.0000000000E+00 0.0000000000E+00 0.0000000000E+00 0.0000000000E+00 0.0000000000E+00
     4 1996 5.6733000000E+03 4.0000000000E-02 0.0000000000E+00 3.6000000000E-01 0.0000000000E+00 0.0000000000E+00 0.0000000000E+00 6.8000000000E-01 0.0000000000E+00 0.0000000000E+00 0.0000000000E+00 0.0000000000E+00 0.0000000000E+00 0.0000000000E+00 0.0000000000E+00 0.0000000000E+00 0.0000000000E+00 0.0000000000E+00
     5 1996 5.6878000000E+03 4.0000000000E-02 0.0000000000E+00 5.1000000000E-01 0.0000000000E+00 0.0000000000E+00 0.0000000000E+00 9.1000000000E-01 0.0000000000E+00 0.0000000000E+00 0.0000000000E+00 0.0000000000E+00 0.0000000000E+00 0.0000000000E+00 0.0000000000E+00 0.0000000000E+00 0.0000000000E+00 0.0000000000E+00
     6 1996 5.0357000000E+03 4.0000000000E-02 0.0000000000E+00 9.8000000000E-01 0.0000000000E+00 0.0000000000E+00 0.0000000000E+00 1.6200000000E+00 0.0000000000E+00 0.0000000000E+00 0.0000000000E+00 0.0000000000E+00 0.0000000000E+00 0.0000000000E+00 0.0000000000E+00 0.0000000000E+00 0.0000000000E+00 0.0000000000E+00
     7 1996 5.3903000000E+03 4.0000000000E-02 0.0000000000E+00 5.1000000000E-01 0.0000000000E+00 0.0000000000E+00 0.0000000000E+00 9.2000000000E-01 0.0000000000E+00 0.0000000000E+00 0.0000000000E+00 0.0000000000E+00 0.0000000000E+00 0.0000000000E+00 0.0000000000E+00 0.0000000000E+00 0.0000000000E+00 0.0000000000E+00
     8 1996 5.0420000000E+03 4.0000000000E-02 0.0000000000E+00 8.8000000000E-01 0.0000000000E+00 0.0000000000E+00 0.0000000000E+00 1.4700000000E+00 0.0000000000E+00 0.0000000000E+00 0.0000000000E+00 0.0000000000E+00 0.0000000000E+00 0.0000000000E+00 0.0000000000E+00 0.0000000000E+00 0.0000000000E+00 0.0000000000E+00
     9 1996 5.4148000000E+03 4.0000000000E-02 0.0000000000E+00 1.3200000000E+00 0.0000000000E+00 0.0000000000E+00 0.0000000000E+00 2.1300000000E+00 0.0000000000E+00 0.0000000000E+00 0.0000000000E+00 0.0000000000E+00 0.0000000000E+00 0.0000000000E+00 0.0000000000E+00 0.0000000000E+00 0.0000000000E+00 0.0000000000E+00
    10 1996 4.8959000000E+03 4.0000000000E-02 0.0000000000E+00 2.8300000000E+00 0.0000000000E+00 0.0000000000E+00 0.0000000000E+00 4.4000000000E+00 0.0000000000E+00 0.0000000000E+00 0.0000000000E+00 0.0000000000E+00 0.0000000000E+00 0.0000000000E+00 0.0000000000E+00 0.0000000000E+00 0.0000000000E+00 0.0000000000E+00
    11 1996 6.4810000000E+03 4.0000000000E-02 0.0000000000E+00 1.3100000000E+00 0.0000000000E+00 0.0000000000E+00 0.0000000000E+00 2.1100000000E+00 0.0000000000E+00 0.0000000000E+00 0.0000000000E+00 0.0000000000E+00 0.0000000000E+00 0.0000000000E+00 0.0000000000E+00 0.0000000000E+00 0.0000000000E+00 0.0000000000E+00
    12 1996 6.4198000000E+03 4.0000000000E-02 0.0000000000E+00 2.2000000000E+00 0.0000000000E+00 0.0000000000E+00 0.0000000000E+00 3.4400000000E+00 0.0000000000E+00 0.0000000000E+00 0.0000000000E+00 0.0000000000E+00 0.0000000000E+00 0.0000000000E+00 0.0000000000E+00 0.0000000000E+00 0.0000000000E+00 0.0000000000E+00
     1 1997 5.4145000000E+03 4.0000000000E-02 0.0000000000E+00 1.5800000000E+00 0.0000000000E+00 0.0000000000E+00 0.0000000000E+00 2.5700000000E+00 0.0000000000E+00 0.0000000000E+00 0.0000000000E+00 0.0000000000E+00 0.0000000000E+00 0.0000000000E+00 0.0000000000E+00 0.0000000000E+00 0.0000000000E+00 0.0000000000E+00
     2 1997 5.6130000000E+03 4.0000000000E-02 0.0000000000E+00 1.0100000000E+00 0.0000000000E+00 0.0000000000E+00 0.0000000000E+00 1.7200000000E+00 0.0000000000E+00 0.0000000000E+00 0.0000000000E+00 0.0000000000E+00 0.0000000000E+00 0.0000000000E+00 0.0000000000E+00 0.0000000000E+00 0.0000000000E+00 0.0000000000E+00
     3 1997 5.7509000000E+03 4.0000000000E-02 0.0000000000E+00 1.0100000000E+00 0.0000000000E+00 0.0000000000E+00 0.0000000000E+00 1.7200000000E+00 0.0000000000E+00 0.0000000000E+00 0.0000000000E+00 0.0000000000E+00 0.0000000000E+00 0.0000000000E+00 0.0000000000E+00 0.0000000000E+00 0.0000000000E+00 0.0000000000E+00
     4 1997 5.5509000000E+03 4.0000000000E-02 0.0000000000E+00 1.2600000000E+00 0.0000000000E+00 0.0000000000E+00 0.0000000000E+00 2.1000000000E+00 0.0000000000E+00 0.0000000000E+00 0.0000000000E+00 0.0000000000E+00 0.0000000000E+00 0.0000000000E+00 0.0000000000E+00 0.0000000000E+00 0.0000000000E+00 0.0000000000E+00
     5 1997 5.6349000000E+03 4.0000000000E-02 0.0000000000E+00 2.5400000000E+00 0.0000000000E+00 0.0000000000E+00 0.0000000000E+00 4.0100000000E+00 0.0000000000E+00 0.0000000000E+00 0.0000000000E+00 0.0000000000E+00 0.0000000000E+00 0.0000000000E+00 0.0000000000E+00 0.0000000000E+00 0.0000000000E+00 0.0000000000E+00
     6 1997 5.0448000000E+03 4.0000000000E-02 0.0000000000E+00 1.0600000000E+00 0.0000000000E+00 0.0000000000E+00 0.0000000000E+00 1.7900000000E+00 0.0000000000E+00 0.0000000000E+00 0.0000000000E+00 0.0000000000E+00 0.0000000000E+00 0.0000000000E+00 0.0000000000E+00 0.0000000000E+00 0.0000000000E+00 0.0000000000E+00
     7 1997 4.5492000000E+03 4.0000000000E-02 0.0000000000E+00 1.2300000000E+00 0.0000000000E+00 0.0000000000E+00 0.0000000000E+00 2.0500000000E+00 0.0000000000E+00 0.0000000000E+00 0.0000000000E+00 0.0000000000E+00 0.0000000000E+00 0.0000000000E+00 0.0000000000E+00 0.0000000000E+00 0.0000000000E+00 0.0000000000E+00
     8 1997 4.5419000000E+03 4.0000000000E-02 0.0000000000E+00 1.5600000000E+00 0.0000000000E+00 0.0000000000E+00 0.0000000000E+00 2.5500000000E+00 0.0000000000E+00 0.0000000000E+00 0.0000000000E+00 0.0000000000E+00 0.0000000000E+00 0.0000000000E+00 0.0000000000E+00 0.0000000000E+00 0.0000000000E+00 0.0000000000E+00
     9 1997 6.4184000000E+03 4.0000000000E-02 0.0000000000E+00 8.7000000000E-01 0.0000000000E+00 0.0000000000E+00 0.0000000000E+00 1.5200000000E+00 0.0000000000E+00 0.0000000000E+00 0.0000000000E+00 0.0000000000E+00 0.0000000000E+00 0.0000000000E+00 0.0000000000E+00 0.0000000000E+00 0.0000000000E+00 0.0000000000E+00
    10 1997 4.6774000000E+03 4.0000000000E-02 0.0000000000E+00 1.5900000000E+00 0.0000000000E+00 0.0000000000E+00 0.0000000000E+00 2.5900000000E+00 0.0000000000E+00 0.0000000000E+00 0.0000000000E+00 0.0000000000E+00 0.0000000000E+00 0.0000000000E+00 0.0000000000E+00 0.0000000000E+00 0.0000000000E+00 0.0000000000E+00
    11 1997 5.1376000000E+03 4.0000000000E-02 0.0000000000E+00 8.2000000000E-01 0.0000000000E+00 0.0000000000E+00 0.0000000000E+00 1.4300000000E+00 0.0000000000E+00 0.0000000000E+00 0.0000000000E+00 0.0000000000E+00 0.0000000000E+00 0.0000000000E+00 0.0000000000E+00 0.0000000000E+00 0.0000000000E+00 0.0000000000E+00
    12 1997 5.3325000000E+03 4.0000000000E-02 0.0000000000E+00 7.2000000000E-01 0.0000000000E+00 0.0000000000E+00 0.0000000000E+00 1.2900000000E+00 0.0000000000E+00 0.0000000000E+00 0.0000000000E+00 0.0000000000E+00 0.0000000000E+00 0.0000000000E+00 0.0000000000E+00 0.0000000000E+00 0.0000000000E+00 0.0000000000E+00
     1 1998 6.8045000000E+03 4.0000000000E-02 0.0000000000E+00 1.3200000000E+00 0.0000000000E+00 0.0000000000E+00 0.0000000000E+00 2.0600000000E+00 0.0000000000E+00 0.0000000000E+00 0.0000000000E+00 0.0000000000E+00 0.0000000000E+00 0.0000000000E+00 0.0000000000E+00 0.0000000000E+00 0.0000000000E+00 0.0000000000E+00
     2 1998 5.3812000000E+03 4.7000000000E-02 0.0000000000E+00 1.7100000000E+00 0.0000000000E+00 0.0000000000E+00 0.0000000000E+00 2.6600000000E+00 0.0000000000E+00 0.0000000000E+00 0.0000000000E+00 0.0000000000E+00 0.0000000000E+00 0.0000000000E+00 0.0000000000E+00 0.0000000000E+00 0.0000000000E+00 0.0000000000E+00
     3 1998 6.4347000000E+03 4.3000000000E-02 0.0000000000E+00 6.0000000000E-01 0.0000000000E+00 0.0000000000E+00 0.0000000000E+00 9.9000000000E-01 0.0000000000E+00 0.0000000000E+00 0.0000000000E+00 0.0000000000E+00 0.0000000000E+00 0.0000000000E+00 0.0000000000E+00 0.0000000000E+00 0.0000000000E+00 0.0000000000E+00
     4 1998 6.0667000000E+03 3.4000000000E-02 0.0000000000E+00 8.6000000000E-01 0.0000000000E+00 0.0000000000E+00 0.0000000000E+00 1.3800000000E+00 0.0000000000E+00 0.0000000000E+00 0.0000000000E+00 0.0000000000E+00 0.0000000000E+00 0.0000000000E+00 0.0000000000E+00 0.0000000000E+00 0.0000000000E+00 0.0000000000E+00
     5 1998 5.7079000000E+03 2.4000000000E-02 0.0000000000E+00 1.3100000000E+00 0.0000000000E+00 0.0000000000E+00 0.0000000000E+00 2.0600000000E+00 0.0000000000E+00 0.0000000000E+00 0.0000000000E+00 0.0000000000E+00 0.0000000000E+00 0.0000000000E+00 0.0000000000E+00 0.0000000000E+00 0.0000000000E+00 0.0000000000E+00
     6 1998 5.8598000000E+03 2.8000000000E-02 0.0000000000E+00 1.5200000000E+00 0.0000000000E+00 0.0000000000E+00 0.0000000000E+00 2.3800000000E+00 0.0000000000E+00 0.0000000000E+00 0.0000000000E+00 0.0000000000E+00 0.0000000000E+00 0.0000000000E+00 0.0000000000E+00 0.0000000000E+00 0.0000000000E+00 0.0000000000E+00
     7 1998 6.0738000000E+03 2.8000000000E-02 0.0000000000E+00 9.7000000000E-01 0.0000000000E+00 0.0000000000E+00 0.0000000000E+00 1.5400000000E+00 0.0000000000E+00 0.0000000000E+00 0.0000000000E+00 0.0000000000E+00 0.0000000000E+00 0.0000000000E+00 0.0000000000E+00 0.0000000000E+00 0.0000000000E+00 0.0000000000E+00
     8 1998 4.8551000000E+03 3.4000000000E-02 0.0000000000E+00 1.3300000000E+00 0.0000000000E+00 0.0000000000E+00 0.0000000000E+00 2.0900000000E+00 0.0000000000E+00 0.0000000000E+00 0.0000000000E+00 0.0000000000E+00 0.0000000000E+00 0.0000000000E+00 0.0000000000E+00 0.0000000000E+00 0.0000000000E+00 0.0000000000E+00
     9 1998 4.9321000000E+03 2.6000000000E-02 0.0000000000E+00 1.0600000000E+00 0.0000000000E+00 0.0000000000E+00 0.0000000000E+00 1.6700000000E+00 0.0000000000E+00 0.0000000000E+00 0.0000000000E+00 0.0000000000E+00 0.0000000000E+00 0.0000000000E+00 0.0000000000E+00 0.0000000000E+00 0.0000000000E+00 0.0000000000E+00
    10 1998 3.8680000000E+03 1.6000000000E-02 0.0000000000E+00 1.9300000000E+00 0.0000000000E+00 0.0000000000E+00 0.0000000000E+00 2.9800000000E+00 0.0000000000E+00 0.0000000000E+00 0.0000000000E+00 0.0000000000E+00 0.0000000000E+00 0.0000000000E+00 0.0000000000E+00 0.0000000000E+00 0.0000000000E+00 0.0000000000E+00
    11 1998 4.3420000000E+03 4.1000000000E-02 0.0000000000E+00 8.7000000000E-01 0.0000000000E+00 0.0000000000E+00 0.0000000000E+00 1.4000000000E+00 0.0000000000E+00 0.0000000000E+00 0.0000000000E+00 0.0000000000E+00 0.0000000000E+00 0.0000000000E+00 0.0000000000E+00 0.0000000000E+00 0.0000000000E+00 0.0000000000E+00
    12 1998 4.5711000000E+03 3.5000000000E-02 0.0000000000E+00 6.8000000000E-01 0.0000000000E+00 0.0000000000E+00 0.0000000000E+00 1.1100000000E+00 0.0000000000E+00 0.0000000000E+00 0.0000000000E+00 0.0000000000E+00 0.0000000000E+00 0.0000000000E+00 0.0000000000E+00 0.0000000000E+00 0.0000000000E+00 0.0000000000E+00
     1 1999 5.8107000000E+03 4.9000000000E-02 0.0000000000E+00 1.0600000000E+00 0.0000000000E+00 0.0000000000E+00 0.0000000000E+00 1.5900000000E+00 0.0000000000E+00 0.0000000000E+00 0.0000000000E+00 0.0000000000E+00 0.0000000000E+00 0.0000000000E+00 0.0000000000E+00 0.0000000000E+00 0.0000000000E+00 0.0000000000E+00
     2 1999 4.5436000000E+03 4.9000000000E-02 0.0000000000E+00 8.2000000000E-01 0.0000000000E+00 0.0000000000E+00 0.0000000000E+00 1.2300000000E+00 0.0000000000E+00 0.0000000000E+00 0.0000000000E+00 0.0000000000E+00 0.0000000000E+00 0.0000000000E+00 0.0000000000E+00 0.0000000000E+00 0.0000000000E+00 0.0000000000E+00
     3 1999 4.8294000000E+03 4.1000000000E-02 0.0000000000E+00 1.0100000000E+00 0.0000000000E+00 0.0000000000E+00 0.0000000000E+00 1.5100000000E+00 0.0000000000E+00 0.0000000000E+00 0.0000000000E+00 0.0000000000E+00 0.0000000000E+00 0.0000000000E+00 0.0000000000E+00 0.0000000000E+00 0.0000000000E+00 0.0000000000E+00
     4 1999 4.3419000000E+03 2.5000000000E-02 0.0000000000E+00 1.7800000000E+00 0.0000000000E+00 0.0000000000E+00 0.0000000000E+00 2.6700000000E+00 0.0000000000E+00 0.0000000000E+00 0.0000000000E+00 0.0000000000E+00 0.0000000000E+00 0.0000000000E+00 0.0000000000E+00 0.0000000000E+00 0.0000000000E+00 0.0000000000E+00
     5 1999 3.8634000000E+03 6.5000000000E-02 0.0000000000E+00 9.7000000000E-01 0.0000000000E+00 0.0000000000E+00 0.0000000000E+00 1.4600000000E+00 0.0000000000E+00 0.0000000000E+00 0.0000000000E+00 0.0000000000E+00 0.0000000000E+00 0.0000000000E+00 0.0000000000E+00 0.0000000000E+00 0.0000000000E+00 0.0000000000E+00
     6 1999 3.7848000000E+03 2.8000000000E-02 0.0000000000E+00 1.2600000000E+00 0.0000000000E+00 0.0000000000E+00 0.0000000000E+00 1.9000000000E+00 0.0000000000E+00 0.0000000000E+00 0.0000000000E+00 0.0000000000E+00 0.0000000000E+00 0.0000000000E+00 0.0000000000E+00 0.0000000000E+00 0.0000000000E+00 0.0000000000E+00
     7 1999 3.3578000000E+03 7.0000000000E-03 0.0000000000E+00 2.0000000000E+00 0.0000000000E+00 0.0000000000E+00 0.0000000000E+00 3.0100000000E+00 0.0000000000E+00 0.0000000000E+00 0.0000000000E+00 0.0000000000E+00 0.0000000000E+00 0.0000000000E+00 0.0000000000E+00 0.0000000000E+00 0.0000000000E+00 0.0000000000E+00
     8 1999 3.4780000000E+03 6.8000000000E-02 0.0000000000E+00 1.6700000000E+00 0.0000000000E+00 0.0000000000E+00 0.0000000000E+00 2.5200000000E+00 0.0000000000E+00 0.0000000000E+00 0.0000000000E+00 0.0000000000E+00 0.0000000000E+00 0.0000000000E+00 0.0000000000E+00 0.0000000000E+00 0.0000000000E+00 0.0000000000E+00
     9 1999 4.1124000000E+03 3.4000000000E-02 0.0000000000E+00 2.1500000000E+00 0.0000000000E+00 0.0000000000E+00 0.0000000000E+00 3.2300000000E+00 0.0000000000E+00 0.0000000000E+00 0.0000000000E+00 0.0000000000E+00 0.0000000000E+00 0.0000000000E+00 0.0000000000E+00 0.0000000000E+00 0.0000000000E+00 0.0000000000E+00
    10 1999 4.2588000000E+03 3.7000000000E-02 0.0000000000E+00 5.7000000000E-01 0.0000000000E+00 0.0000000000E+00 0.0000000000E+00 8.6000000000E-01 0.0000000000E+00 0.0000000000E+00 0.0000000000E+00 0.0000000000E+00 0.0000000000E+00 0.0000000000E+00 0.0000000000E+00 0.0000000000E+00 0.0000000000E+00 0.0000000000E+00
    11 1999 4.3376000000E+03 2.5000000000E-02 0.0000000000E+00 4.5000000000E-01 0.0000000000E+00 0.0000000000E+00 0.0000000000E+00 6.8000000000E-01 0.0000000000E+00 0.0000000000E+00 0.0000000000E+00 0.0000000000E+00 0.0000000000E+00 0.0000000000E+00 0.0000000000E+00 0.0000000000E+00 0.0000000000E+00 0.0000000000E+00
    12 1999 4.2630000000E+03 4.0000000000E-02 0.0000000000E+00 7.2000000000E-01 0.0000000000E+00 0.0000000000E+00 0.0000000000E+00 1.0900000000E+00 0.0000000000E+00 0.0000000000E+00 0.0000000000E+00 0.0000000000E+00 0.0000000000E+00 0.0000000000E+00 0.0000000000E+00 0.0000000000E+00 0.0000000000E+00 0.0000000000E+00
     1 2000 4.1609000000E+03 4.4000000000E-02 0.0000000000E+00 1.8900000000E+00 0.0000000000E+00 0.0000000000E+00 0.0000000000E+00 2.8300000000E+00 0.0000000000E+00 0.0000000000E+00 0.0000000000E+00 0.0000000000E+00 0.0000000000E+00 0.0000000000E+00 0.0000000000E+00 0.0000000000E+00 0.0000000000E+00 0.0000000000E+00
     2 2000 5.0138000000E+03 6.6000000000E-02 0.0000000000E+00 1.0600000000E+00 0.0000000000E+00 0.0000000000E+00 0.0000000000E+00 1.6000000000E+00 0.0000000000E+00 0.0000000000E+00 0.0000000000E+00 0.0000000000E+00 0.0000000000E+00 0.0000000000E+00 0.0000000000E+00 0.0000000000E+00 0.0000000000E+00 0.0000000000E+00
     3 2000 5.8076000000E+03 4.1000000000E-02 0.0000000000E+00 1.7400000000E+00 0.0000000000E+00 0.0000000000E+00 0.0000000000E+00 2.6100000000E+00 0.0000000000E+00 0.0000000000E+00 0.0000000000E+00 0.0000000000E+00 0.0000000000E+00 0.0000000000E+00 0.0000000000E+00 0.0000000000E+00 0.0000000000E+00 0.0000000000E+00
     4 2000 5.6790000000E+03 4.1000000000E-02 0.0000000000E+00 8.2000000000E-01 0.0000000000E+00 0.0000000000E+00 0.0000000000E+00 1.2300000000E+00 0.0000000000E+00 0.0000000000E+00 0.0000000000E+00 0.0000000000E+00 0.0000000000E+00 0.0000000000E+00 0.0000000000E+00 0.0000000000E+00 0.0000000000E+00 0.0000000000E+00
     5 2000 5.2952000000E+03 2.9000000000E-02 0.0000000000E+00 8.1000000000E-01 0.0000000000E+00 0.0000000000E+00 0.0000000000E+00 1.2200000000E+00 0.0000000000E+00 0.0000000000E+00 0.0000000000E+00 0.0000000000E+00 0.0000000000E+00 0.0000000000E+00 0.0000000000E+00 0.0000000000E+00 0.0000000000E+00 0.0000000000E+00
     6 2000 4.9425000000E+03 5.3000000000E-02 0.0000000000E+00 1.3300000000E+00 0.0000000000E+00 0.0000000000E+00 0.0000000000E+00 2.0000000000E+00 0.0000000000E+00 0.0000000000E+00 0.0000000000E+00 0.0000000000E+00 0.0000000000E+00 0.0000000000E+00 0.0000000000E+00 0.0000000000E+00 0.0000000000E+00 0.0000000000E+00
     7 2000 4.2766000000E+03 3.2000000000E-02 0.0000000000E+00 1.6200000000E+00 0.0000000000E+00 0.0000000000E+00 0.0000000000E+00 2.4300000000E+00 0.0000000000E+00 0.0000000000E+00 0.0000000000E+00 0.0000000000E+00 0.0000000000E+00 0.0000000000E+00 0.0000000000E+00 0.0000000000E+00 0.0000000000E+00 0.0000000000E+00
     8 2000 4.5096000000E+03 7.0000000000E-02 0.0000000000E+00 2.0700000000E+00 0.0000000000E+00 0.0000000000E+00 0.0000000000E+00 3.1100000000E+00 0.0000000000E+00 0.0000000000E+00 0.0000000000E+00 0.0000000000E+00 0.0000000000E+00 0.0000000000E+00 0.0000000000E+00 0.0000000000E+00 0.0000000000E+00 0.0000000000E+00
     9 2000 4.2089000000E+03 3.9000000000E-02 0.0000000000E+00 2.4000000000E+00 0.0000000000E+00 0.0000000000E+00 0.0000000000E+00 3.6000000000E+00 0.0000000000E+00 0.0000000000E+00 0.0000000000E+00 0.0000000000E+00 0.0000000000E+00 0.0000000000E+00 0.0000000000E+00 0.0000000000E+00 0.0000000000E+00 0.0000000000E+00
