1.116999999999999937e-01
1.082999999999999935e-01
1.082000000000000045e-01
1.058000000000000052e-01
1.050999999999999990e-01
1.037000000000000005e-01
1.034999999999999948e-01
1.238999999999999962e-01
9.379999999999999449e-01
1.094999999999999973e+00
6.526999999999999469e-01
4.714999999999999747e-01
3.748000000000000220e-01
9.697999999999999954e-01
6.195000000000000506e-01
4.640000000000000235e-01
3.842999999999999750e-01
3.380000000000000226e-01
3.015999999999999792e-01
2.913000000000000034e-01
2.706000000000000072e-01
2.651999999999999913e-01
2.539000000000000146e-01
2.456000000000000127e-01
2.388000000000000123e-01
2.308000000000000052e-01
2.252000000000000113e-01
2.210999999999999910e-01
2.154000000000000081e-01
2.099999999999999922e-01
2.051999999999999935e-01
1.996999999999999886e-01
1.943999999999999895e-01
1.905000000000000027e-01
1.872000000000000053e-01
1.822000000000000008e-01
1.784000000000000030e-01
1.769999999999999907e-01
1.719999999999999862e-01
1.685999999999999999e-01
1.668999999999999928e-01
1.756999999999999951e-01
1.703999999999999959e-01
1.635999999999999954e-01
1.600000000000000033e-01
1.559999999999999998e-01
1.524000000000000077e-01
1.496999999999999997e-01
1.471999999999999975e-01
1.441999999999999948e-01
1.932000000000000106e-01
1.706999999999999906e-01
1.582000000000000073e-01
1.504999999999999949e-01
1.449000000000000010e-01
1.393999999999999961e-01
1.965000000000000080e-01
1.695000000000000118e-01
1.603999999999999870e-01
1.517999999999999905e-01
1.468000000000000138e-01
1.416999999999999926e-01
1.403999999999999970e-01
1.373999999999999944e-01
1.348999999999999921e-01
1.327000000000000124e-01
1.300999999999999934e-01
1.257999999999999952e-01
1.337000000000000133e-01
1.320000000000000062e-01
1.280000000000000027e-01
1.259000000000000119e-01
1.221000000000000002e-01
1.207000000000000017e-01
1.184000000000000052e-01
1.170000000000000068e-01
1.155000000000000054e-01
1.145000000000000046e-01
1.127999999999999975e-01
1.112999999999999962e-01
1.102000000000000063e-01
1.107000000000000067e-01
4.693999999999999839e-01
3.323999999999999733e-01
2.675000000000000155e-01
2.336999999999999911e-01
2.142000000000000015e-01
2.013000000000000067e-01
1.920999999999999930e-01
1.849000000000000088e-01
1.789999999999999925e-01
1.736000000000000043e-01
1.686999999999999889e-01
1.642000000000000126e-01
1.602999999999999980e-01
1.552000000000000046e-01
1.526000000000000134e-01
1.494000000000000050e-01
1.456000000000000072e-01
1.428000000000000103e-01
1.396999999999999909e-01
1.365999999999999992e-01
1.340000000000000080e-01
1.312000000000000111e-01
1.288999999999999868e-01
1.259000000000000119e-01
1.237000000000000044e-01
1.214999999999999969e-01
1.188000000000000028e-01
4.525000000000000133e-01
1.907000000000000028e+00
1.227999999999999980e+00
1.020999999999999908e+00
1.443000000000000060e+00
2.410000000000000142e+00
9.182999999999999829e+00
8.651999999999999247e+00
4.737000000000000099e+00
2.847999999999999865e+00
2.012000000000000011e+00
1.385000000000000009e+00
1.032000000000000028e+00
8.077999999999999625e-01
6.660000000000000364e-01
6.341999999999999860e-01
2.076000000000000068e+00
1.451999999999999957e+00
1.002000000000000002e+00
7.649000000000000243e-01
6.333999999999999631e-01
5.506999999999999673e-01
5.113999999999999657e-01
7.603999999999999648e-01
5.906000000000000139e-01
8.156999999999999806e-01
1.185000000000000053e+00
8.138999999999999568e-01
6.354999999999999538e-01
5.386999999999999567e-01
4.787000000000000144e-01
4.390000000000000013e-01
4.096000000000000196e-01
3.881000000000000005e-01
3.703000000000000180e-01
3.536000000000000254e-01
3.398999999999999799e-01
3.270000000000000129e-01
3.154000000000000137e-01
3.024999999999999911e-01
2.928000000000000047e-01
4.733999999999999875e-01
6.469000000000000306e-01
4.467999999999999750e-01
5.565999999999999837e-01
1.286999999999999922e+00
7.995999999999999774e-01
5.614999999999999991e-01
4.606000000000000094e-01
3.936000000000000054e-01
3.518000000000000016e-01
3.239000000000000212e-01
3.035999999999999810e-01
2.883000000000000007e-01
2.741000000000000103e-01
2.636000000000000010e-01
3.126999999999999780e-01
4.608999999999999764e-01
1.245999999999999996e+00
3.317000000000000171e+00
1.822999999999999954e+00
1.141999999999999904e+00
7.911000000000000254e-01
1.580000000000000071e+00
1.074999999999999956e+00
1.500000000000000000e+00
2.990000000000000213e+00
1.830999999999999961e+00
1.227000000000000091e+00
9.062999999999999945e-01
7.237000000000000099e-01
6.118000000000000105e-01
5.387999999999999456e-01
4.894999999999999907e-01
4.520000000000000129e-01
4.244999999999999885e-01
3.973999999999999755e-01
3.844000000000000195e-01
3.665999999999999814e-01
3.518999999999999906e-01
3.387999999999999901e-01
3.259000000000000230e-01
3.150999999999999912e-01
3.071999999999999731e-01
2.988999999999999990e-01
2.881000000000000227e-01
2.790000000000000258e-01
2.692999999999999838e-01
3.302999999999999825e-01
3.146999999999999797e-01
2.782999999999999918e-01
2.607999999999999763e-01
2.475999999999999868e-01
2.381000000000000061e-01
2.661999999999999922e-01
4.477999999999999758e-01
3.216999999999999860e-01
2.732999999999999874e-01
2.444999999999999951e-01
2.258999999999999897e-01
2.149999999999999967e-01
2.053000000000000103e-01
1.985999999999999988e-01
1.927999999999999992e-01
1.862999999999999934e-01
1.811000000000000110e-01
1.797999999999999876e-01
1.768000000000000127e-01
1.706000000000000016e-01
1.671999999999999875e-01
1.623999999999999888e-01
1.590000000000000024e-01
1.575999999999999901e-01
1.531000000000000139e-01
1.502999999999999892e-01
1.469999999999999918e-01
1.436000000000000054e-01
1.411000000000000032e-01
1.368000000000000049e-01
1.353000000000000036e-01
1.320999999999999952e-01
1.409999999999999865e-01
1.370000000000000107e-01
1.345000000000000084e-01
1.320000000000000062e-01
1.343999999999999917e-01
2.953000000000000069e-01
2.117999999999999883e-01
1.774999999999999911e-01
1.620999999999999941e-01
1.514999999999999958e-01
1.428000000000000103e-01
1.396000000000000019e-01
1.350999999999999979e-01
1.332000000000000128e-01
1.295000000000000040e-01
1.255000000000000004e-01
1.255999999999999894e-01
1.233999999999999958e-01
1.228000000000000064e-01
1.180999999999999966e-01
1.192000000000000004e-01
1.156999999999999973e-01
1.155000000000000054e-01
1.149000000000000021e-01
1.118999999999999995e-01
1.110000000000000014e-01
1.150999999999999940e-01
1.096000000000000030e-01
1.097999999999999948e-01
1.131999999999999951e-01
1.096000000000000030e-01
1.081000000000000016e-01
1.052000000000000018e-01
1.039999999999999952e-01
1.042000000000000010e-01
1.019999999999999934e-01
9.907000000000000528e-02
1.037000000000000005e-01
1.015000000000000069e-01
9.909999999999999365e-02
1.190999999999999975e-01
2.313000000000000056e-01
1.653000000000000025e-01
1.406000000000000028e-01
1.423000000000000098e-01
1.297999999999999987e-01
1.472000000000000064e+01
7.403999999999999915e+00
4.591999999999999638e+00
2.797000000000000153e+00
1.838000000000000078e+00
2.213000000000000078e+00
1.417000000000000037e+00
1.016000000000000014e+00
7.883000000000000007e-01
6.512000000000000011e-01
5.628999999999999559e-01
5.040000000000000036e-01
4.610000000000000209e-01
4.284000000000000030e-01
7.892000000000000126e-01
5.897000000000000020e-01
4.842000000000000193e-01
4.238999999999999990e-01
3.856999999999999873e-01
3.607000000000000206e-01
4.702000000000000068e-01
3.849000000000000199e-01
3.497000000000000108e-01
3.209000000000000186e-01
3.070999999999999841e-01
2.945999999999999730e-01
2.854999999999999760e-01
2.757999999999999896e-01
2.702999999999999847e-01
2.605999999999999983e-01
2.559000000000000163e-01
2.485999999999999877e-01
2.416999999999999982e-01
2.394000000000000017e-01
2.305000000000000104e-01
2.270000000000000073e-01
2.199000000000000121e-01
2.167999999999999927e-01
2.106000000000000094e-01
2.054999999999999882e-01
2.006999999999999895e-01
2.008000000000000063e-01
1.675000000000000044e+00
9.583000000000000407e-01
6.562999999999999945e-01
5.032999999999999696e-01
4.228000000000000091e-01
3.801999999999999824e-01
1.364000000000000101e+00
7.914999999999999813e-01
5.473999999999999977e-01
4.298000000000000154e-01
3.657000000000000250e-01
3.417000000000000037e-01
3.093000000000000194e-01
2.888999999999999901e-01
2.726999999999999980e-01
2.636000000000000010e-01
2.541999999999999815e-01
2.457000000000000017e-01
2.366999999999999937e-01
2.323999999999999955e-01
2.275000000000000078e-01
2.212000000000000077e-01
2.194000000000000117e-01
2.801000000000000156e-01
5.411000000000000254e-01
3.585999999999999743e-01
2.814999999999999725e-01
2.431999999999999995e-01
2.247000000000000108e-01
2.109999999999999931e-01
2.033999999999999975e-01
1.971999999999999864e-01
5.516999999999999682e-01
1.298000000000000043e+01
6.528999999999999915e+00
3.673999999999999932e+00
2.246999999999999886e+00
2.414000000000000146e+00
3.805000000000000160e+00
2.165999999999999925e+00
1.393000000000000016e+00
9.818000000000000060e-01
7.482999999999999652e-01
6.069999999999999840e-01
5.178000000000000380e-01
4.570000000000000173e-01
1.508999999999999897e+00
9.102000000000000091e-01
6.438000000000000389e-01
5.066000000000000503e-01
7.502999999999999670e-01
5.439000000000000501e-01
4.284000000000000030e-01
3.832999999999999741e-01
3.477000000000000091e-01
3.232999999999999763e-01
7.931000000000000272e-01
5.501000000000000334e-01
4.405999999999999917e-01
3.774000000000000132e-01
1.151000000000000023e+00
7.341999999999999638e-01
5.450000000000000400e-01
4.471999999999999864e-01
3.785999999999999921e-01
3.558999999999999941e-01
4.440999999999999948e-01
3.719000000000000083e-01
3.225000000000000089e-01
4.299000000000000044e-01
3.909000000000000252e-01
3.565999999999999726e-01
3.315000000000000169e-01
3.159000000000000141e-01
3.029000000000000026e-01
2.911000000000000254e-01
2.818999999999999839e-01
2.741000000000000103e-01
2.652999999999999803e-01
3.509999999999999787e-01
3.518999999999999906e-01
3.022000000000000242e-01
2.720000000000000195e-01
2.526999999999999802e-01
2.411999999999999977e-01
2.325000000000000122e-01
2.250000000000000056e-01
2.917000000000000148e-01
2.469999999999999973e-01
2.323999999999999955e-01
2.174999999999999989e-01
2.088000000000000134e-01
2.003999999999999948e-01
2.048999999999999988e-01
1.998999999999999944e-01
1.925000000000000044e-01
1.877999999999999947e-01
1.829999999999999960e-01
1.784000000000000030e-01
1.754000000000000004e-01
1.726999999999999924e-01
1.683999999999999941e-01
2.202000000000000068e-01
2.330000000000000071e+00
3.100000000000000089e+00
1.741000000000000103e+00
1.314999999999999947e+00
8.987000000000000544e-01
6.935999999999999943e-01
5.663000000000000256e-01
4.880999999999999783e-01
7.129999999999999671e-01
5.504000000000000004e-01
4.643999999999999795e-01
4.163999999999999924e-01
3.840999999999999970e-01
3.603000000000000091e-01
4.470999999999999974e-01
3.835000000000000075e-01
3.458999999999999853e-01
3.145999999999999908e-01
7.770000000000000240e-01
6.422999999999999821e-01
5.069000000000000172e-01
4.331999999999999740e-01
3.886000000000000010e-01
3.603999999999999981e-01
4.788999999999999924e-01
5.016000000000000458e-01
4.274999999999999911e-01
3.835999999999999965e-01
3.567000000000000171e-01
3.371999999999999997e-01
3.214000000000000190e-01
3.094000000000000083e-01
2.978999999999999981e-01
2.882000000000000117e-01
2.788999999999999813e-01
2.692999999999999838e-01
2.622999999999999776e-01
1.060999999999999943e+00
6.518000000000000460e-01
9.808000000000000052e-01
6.534999999999999698e-01
4.903000000000000136e-01
4.001000000000000112e-01
3.457000000000000073e-01
3.095999999999999863e-01
8.800999999999999934e-01
1.522000000000000020e+00
9.435999999999999943e-01
1.780000000000000027e+00
1.104000000000000092e+00
7.862999999999999989e-01
6.186000000000000387e-01
5.210000000000000187e-01
4.598999999999999755e-01
4.188000000000000056e-01
3.896000000000000019e-01
3.670999999999999819e-01
3.491000000000000214e-01
3.340000000000000191e-01
3.201999999999999846e-01
3.089999999999999969e-01
2.984999999999999876e-01
2.883000000000000007e-01
2.792000000000000037e-01
2.705000000000000182e-01
2.622999999999999776e-01
2.544000000000000150e-01
2.467999999999999916e-01
2.399000000000000021e-01
2.331999999999999906e-01
2.260000000000000064e-01
2.200999999999999901e-01
2.144000000000000072e-01
2.081999999999999962e-01
2.028999999999999970e-01
1.975999999999999979e-01
1.927000000000000102e-01
2.847999999999999976e-01
4.692000000000000060e-01
3.405000000000000249e-01
2.731999999999999984e-01
1.822999999999999954e+00
1.030000000000000027e+00
6.645999999999999686e-01
4.771000000000000241e-01
3.725999999999999868e-01
3.103000000000000203e-01
2.698999999999999733e-01
2.436000000000000110e-01
2.126999999999999780e+00
3.431000000000000050e+00
8.063000000000000611e+00
6.522000000000000242e+00
8.076000000000000512e+00
4.439000000000000057e+00
2.688000000000000167e+00
1.752000000000000002e+00
1.205000000000000071e+00
9.019000000000000350e-01
7.068999999999999728e-01
5.814000000000000279e-01
4.985999999999999877e-01
4.415000000000000036e-01
4.002999999999999892e-01
4.905999999999999805e-01
4.124999999999999778e-01
7.170999999999999597e-01
1.709999999999999964e+00
1.106999999999999984e+00
7.959000000000000519e-01
6.359000000000000208e-01
7.912000000000000144e-01
2.351999999999999869e+00
1.411000000000000032e+00
9.838000000000000078e-01
7.618000000000000327e-01
6.340000000000000080e-01
5.548999999999999488e-01
5.039000000000000146e-01
4.677000000000000046e-01
4.299999999999999933e-01
5.520000000000000462e-01
4.667999999999999927e-01
4.072000000000000064e+00
2.193000000000000060e+00
1.377999999999999892e+00
9.749999999999999778e-01
7.418000000000000149e-01
6.368000000000000327e-01
1.010999999999999899e+00
5.001999999999999780e+00
2.721000000000000085e+00
1.703000000000000069e+00
1.187999999999999945e+00
9.895000000000000462e-01
7.224000000000000199e+00
4.261000000000000121e+00
3.475000000000000089e+00
2.806000000000000050e+00
2.254000000000000004e+00
2.411999999999999922e+00
1.606999999999999984e+00
1.195000000000000062e+00
1.183000000000000052e+00
2.048999999999999932e+00
1.334000000000000075e+00
9.802999999999999492e-01
1.923999999999999932e+00
2.205000000000000071e+00
1.786000000000000032e+00
1.231999999999999984e+00
9.454000000000000181e-01
7.831000000000000183e-01
7.097999999999999865e-01
6.363999999999999657e-01
5.812000000000000499e-01
5.402000000000000135e-01
5.110999999999999988e-01
4.813000000000000056e-01
4.658999999999999808e-01
4.455000000000000071e-01
4.267000000000000237e-01
4.117999999999999994e-01
3.993999999999999773e-01
3.820999999999999952e-01
3.704999999999999960e-01
5.352000000000000091e-01
4.385000000000000009e-01
9.050000000000000266e-01
4.176999999999999602e+00
4.184999999999999609e+00
2.358999999999999986e+00
1.493000000000000105e+00
1.038999999999999924e+00
1.520999999999999908e+00
1.562000000000000055e+00
1.344000000000000083e+00
9.725000000000000311e-01
8.383000000000000451e-01
6.740000000000000435e-01
1.997999999999999998e+00
3.798000000000000043e+00
2.162999999999999812e+00
1.415999999999999925e+00
1.022999999999999909e+00
8.004999999999999893e-01
6.644999999999999796e-01
5.805000000000000160e-01
5.222999999999999865e-01
1.624000000000000110e+00
1.004999999999999893e+00
7.235000000000000320e-01
6.715999999999999748e-01
5.927999999999999936e+00
4.634000000000000341e+00
2.641000000000000014e+00
1.671999999999999931e+00
1.157999999999999918e+00
4.966999999999999638e+00
2.750000000000000000e+00
2.213000000000000078e+00
1.465000000000000080e+00
1.034000000000000030e+00
7.871000000000000218e-01
6.813000000000000167e-01
1.036999999999999922e+00
7.165000000000000258e-01
5.748999999999999666e-01
1.933999999999999941e+00
1.151000000000000023e+00
7.973000000000000087e-01
6.095000000000000417e-01
1.004999999999999893e+00
8.198999999999999622e-01
6.009999999999999787e-01
4.833999999999999964e-01
4.158999999999999919e-01
3.746999999999999775e-01
3.477999999999999980e-01
3.269000000000000239e-01
7.190999999999999615e-01
5.033999999999999586e-01
3.992999999999999883e-01
3.452000000000000068e-01
3.138000000000000234e-01
2.923000000000000043e-01
2.718999999999999750e-01
2.642999999999999794e-01
2.543000000000000260e-01
2.454999999999999960e-01
2.388000000000000123e-01
2.335000000000000131e-01
3.708000000000000185e-01
8.270999999999999464e-01
5.167000000000000481e-01
4.116000000000000214e-01
3.307999999999999829e-01
2.846000000000000196e-01
2.569000000000000172e-01
2.406000000000000083e-01
2.290999999999999981e-01
2.200000000000000011e-01
2.124999999999999944e-01
2.066000000000000059e-01
2.013999999999999957e-01
1.970000000000000084e-01
1.990999999999999992e-01
1.955999999999999961e-01
1.923999999999999877e-01
1.870999999999999885e-01
1.859000000000000097e-01
2.005000000000000115e-01
2.003000000000000058e-01
1.890999999999999903e-01
1.855999999999999872e-01
2.369999999999999885e-01
2.025000000000000133e-01
1.877000000000000057e-01
7.278999999999999915e-01
1.953000000000000069e+00
4.730000000000000426e+00
2.509999999999999787e+00
1.655000000000000027e+00
1.084999999999999964e+00
2.205000000000000071e+00
1.300000000000000044e+00
8.790000000000000036e-01
6.552999999999999936e-01
5.271000000000000130e-01
4.482999999999999763e-01
3.965000000000000191e-01
6.037000000000000144e-01
4.586000000000000076e-01
3.830000000000000071e-01
3.427999999999999936e-01
3.158000000000000251e-01
2.993999999999999995e-01
2.849999999999999756e-01
2.727999999999999869e-01
2.641000000000000014e-01
2.574000000000000177e-01
2.501999999999999780e-01
2.667999999999999816e-01
2.520000000000000018e-01
2.406999999999999973e-01
2.344999999999999862e-01
2.288000000000000034e-01
2.212999999999999967e-01
2.185999999999999888e-01
2.127999999999999892e-01
2.066999999999999948e-01
2.056999999999999940e-01
2.001999999999999891e-01
6.463999999999999746e-01
1.641000000000000014e+00
9.136999999999999567e-01
5.950999999999999623e-01
4.381999999999999784e-01
3.523999999999999910e-01
3.027000000000000246e-01
2.716000000000000081e-01
2.505999999999999894e-01
2.301999999999999880e-01
2.225999999999999923e-01
2.190999999999999892e-01
2.109000000000000041e-01
2.079000000000000015e-01
2.016999999999999904e-01
1.985000000000000098e-01
1.935999999999999943e-01
1.895000000000000018e-01
1.867000000000000048e-01
1.829000000000000070e-01
1.821000000000000119e-01
2.847999999999999976e-01
8.537000000000000144e-01
4.959999999999999964e-01
3.492000000000000104e-01
2.893000000000000016e-01
2.479999999999999982e-01
2.343000000000000083e-01
2.192000000000000060e-01
2.099000000000000032e-01
2.018000000000000071e-01
1.953999999999999904e-01
3.644000000000000017e-01
3.637000000000000233e-01
1.427999999999999936e+00
8.357999999999999874e-01
5.757999999999999785e-01
4.449000000000000177e-01
3.724000000000000088e-01
3.301000000000000045e-01
3.010999999999999788e-01
2.818999999999999839e-01
2.679000000000000270e-01
2.570999999999999952e-01
2.467000000000000026e-01
2.401999999999999968e-01
2.326999999999999902e-01
2.270000000000000073e-01
2.192999999999999949e-01
2.157999999999999918e-01
2.089999999999999913e-01
2.043000000000000094e-01
2.033000000000000085e-01
1.971999999999999864e-01
1.930999999999999939e-01
1.892000000000000071e-01
1.847000000000000031e-01
2.001000000000000001e-01
1.905000000000000027e-01
1.948999999999999899e-01
1.872000000000000053e-01
3.483999999999999875e-01
2.595000000000000084e-01
2.175999999999999879e-01
1.894000000000000128e-01
1.827999999999999903e-01
1.741000000000000048e-01
1.663000000000000034e-01
1.630999999999999950e-01
1.602000000000000091e-01
1.584000000000000130e-01
1.550999999999999879e-01
1.524000000000000077e-01
2.765000000000000235e-01
4.834999999999999853e-01
3.437000000000000055e-01
2.763999999999999790e-01
4.101000000000000201e-01
3.190999999999999948e-01
2.715000000000000191e-01
2.454999999999999960e-01
2.296999999999999875e-01
2.187999999999999945e-01
2.099999999999999922e-01
2.030000000000000138e-01
1.968000000000000027e-01
1.910000000000000031e-01
1.859999999999999987e-01
1.822999999999999898e-01
3.121999999999999775e-01
2.439999999999999947e-01
2.074000000000000010e-01
1.771999999999999964e-01
1.758000000000000118e-01
1.194999999999999929e+01
6.025000000000000355e+00
3.390000000000000124e+00
2.040000000000000036e+00
1.302000000000000046e+00
8.782999999999999696e-01
6.260999999999999899e-01
4.709999999999999742e-01
3.725999999999999868e-01
3.104000000000000092e-01
2.681999999999999940e-01
2.394000000000000017e-01
2.195999999999999897e-01
2.053999999999999992e-01
1.945000000000000062e-01
1.859000000000000097e-01
1.789000000000000035e-01
1.729999999999999871e-01
1.678999999999999937e-01
1.633000000000000007e-01
1.590000000000000024e-01
1.542000000000000037e-01
1.512000000000000011e-01
1.484000000000000041e-01
1.449999999999999900e-01
1.414999999999999869e-01
1.390000000000000124e-01
1.361999999999999877e-01
1.333999999999999908e-01
1.419999999999999873e-01
1.325000000000000067e-01
1.391000000000000014e-01
1.400000000000000133e-01
1.376999999999999891e-01
1.342000000000000137e-01
1.323000000000000009e-01
1.293999999999999873e-01
1.267000000000000071e-01
1.243999999999999967e-01
1.215999999999999998e-01
1.190999999999999975e-01
1.174999999999999933e-01
1.150999999999999940e-01
1.129000000000000004e-01
1.107000000000000067e-01
4.712000000000000077e-01
1.477999999999999980e+00
1.094000000000000083e+00
7.098999999999999755e-01
5.174999999999999600e-01
4.051000000000000156e-01
3.382999999999999896e-01
2.958000000000000074e-01
2.681999999999999940e-01
2.383000000000000118e-01
2.418000000000000149e+00
1.413999999999999924e+00
9.022000000000000020e-01
6.349000000000000199e-01
4.968000000000000194e-01
8.025999999999999801e-01
5.705999999999999961e-01
4.516999999999999904e-01
3.844000000000000195e-01
3.426000000000000156e-01
3.138000000000000234e-01
1.592000000000000082e+00
9.455999999999999961e-01
6.494999999999999662e-01
4.944000000000000061e-01
4.077000000000000068e-01
6.561000000000000165e-01
5.248000000000000442e-01
4.169999999999999818e-01
3.739000000000000101e-01
3.380000000000000226e-01
3.125999999999999890e-01
2.943000000000000060e-01
2.807000000000000051e-01
2.681000000000000050e-01
2.570999999999999952e-01
2.470999999999999863e-01
2.381999999999999951e-01
2.310999999999999999e-01
2.255000000000000060e-01
2.156000000000000139e-01
6.975999999999999979e-01
8.713999999999999524e-01
1.088000000000000078e+00
1.802999999999999936e+00
2.540999999999999925e+00
1.987999999999999989e+00
1.502000000000000002e+00
2.003000000000000114e+00
3.794999999999999929e+00
3.630999999999999783e+00
3.787999999999999812e+00
3.463000000000000078e+00
3.092999999999999972e+00
1.939999999999999947e+00
1.354000000000000092e+00
1.028000000000000025e+00
8.347999999999999865e-01
1.185999999999999943e+00
1.000999999999999890e+00
9.761999999999999567e-01
1.314999999999999947e+00
1.556999999999999940e+00
2.585999999999999854e+00
3.857000000000000206e+00
5.403999999999999915e+00
4.685999999999999943e+00
3.515000000000000124e+00
2.220000000000000195e+00
1.752000000000000002e+00
1.276999999999999913e+00
1.004999999999999893e+00
8.389999999999999680e-01
7.309999999999999831e-01
6.590000000000000302e-01
6.047000000000000153e-01
5.634000000000000119e-01
5.315999999999999615e-01
5.048000000000000265e-01
4.809999999999999831e-01
4.573999999999999733e-01
4.395000000000000018e-01
4.225999999999999757e-01
4.079999999999999738e-01
3.926000000000000045e-01
3.798000000000000265e-01
3.649000000000000021e-01
3.514999999999999791e-01
3.422999999999999932e-01
3.290000000000000147e-01
3.170000000000000040e-01
3.064000000000000057e-01
2.968999999999999972e-01
2.856000000000000205e-01
2.792999999999999927e-01
2.681000000000000050e-01
2.607999999999999763e-01
2.504000000000000115e-01
2.429999999999999938e-01
2.371999999999999942e-01
2.290999999999999981e-01
2.217000000000000082e-01
2.164999999999999980e-01
2.114000000000000046e-01
2.051999999999999935e-01
1.990999999999999992e-01
1.910999999999999921e-01
1.867999999999999938e-01
1.816000000000000114e-01
1.782999999999999863e-01
1.753000000000000114e-01
1.779999999999999916e-01
1.807999999999999885e-01
1.731999999999999929e-01
1.716000000000000025e-01
1.710000000000000131e-01
1.710000000000000131e-01
1.696999999999999897e-01
1.675999999999999990e-01
1.632000000000000117e-01
1.592999999999999972e-01
1.572000000000000064e-01
1.577999999999999958e-01
2.511999999999999789e-01
1.993999999999999939e-01
1.817000000000000004e-01
1.685000000000000109e-01
1.605000000000000038e-01
1.537000000000000033e-01
1.504999999999999949e-01
1.463000000000000134e-01
1.512999999999999901e-01
1.461000000000000076e-01
1.424999999999999878e-01
1.405000000000000138e-01
1.378000000000000058e-01
1.345000000000000084e-01
3.239000000000000212e-01
2.325000000000000122e-01
1.925000000000000044e-01
1.836000000000000132e-01
1.630000000000000060e-01
1.522999999999999909e-01
1.466000000000000081e-01
1.431999999999999940e-01
1.416999999999999926e-01
1.380000000000000115e-01
1.328999999999999904e-01
1.330999999999999961e-01
1.328000000000000014e-01
1.315000000000000058e-01
1.323000000000000009e-01
1.285000000000000031e-01
1.277999999999999969e-01
1.297999999999999987e-01
1.283999999999999864e-01
1.246000000000000024e-01
1.252000000000000057e-01
1.218999999999999945e-01
1.194000000000000061e-01
1.184999999999999942e-01
1.223000000000000059e-01
1.192000000000000004e-01
1.180999999999999966e-01
1.158000000000000002e-01
1.165999999999999953e-01
1.140000000000000041e-01
1.147999999999999993e-01
1.116000000000000048e-01
1.092000000000000054e-01
1.078000000000000069e-01
1.071000000000000008e-01
1.039999999999999952e-01
1.047000000000000014e-01
1.059999999999999970e-01
9.991999999999999493e-02
1.307000000000000106e-01
1.302999999999999992e-01
1.283999999999999864e-01
1.255999999999999894e-01
1.233999999999999958e-01
1.238999999999999962e-01
1.222000000000000031e-01
1.213999999999999940e-01
1.930999999999999939e-01
1.950000000000000067e-01
1.516000000000000125e-01
1.370999999999999996e-01
1.295000000000000040e-01
1.239999999999999991e-01
1.218000000000000055e-01
1.244999999999999996e-01
1.217000000000000026e-01
1.222000000000000031e-01
1.183000000000000024e-01
1.170000000000000068e-01
1.194000000000000061e-01
1.156999999999999973e-01
1.118999999999999995e-01
1.112999999999999962e-01
1.112999999999999962e-01
1.517000000000000015e-01
1.332000000000000128e-01
1.270000000000000018e-01
1.224999999999999978e-01
1.218000000000000055e-01
1.189999999999999947e-01
1.178000000000000019e-01
1.181999999999999995e-01
1.184000000000000052e-01
1.150999999999999940e-01
1.140000000000000041e-01
1.161999999999999977e-01
1.173000000000000015e-01
1.160000000000000059e-01
1.151999999999999968e-01
1.170000000000000068e-01
1.126999999999999946e-01
1.131000000000000061e-01
1.111999999999999933e-01
1.111000000000000043e-01
1.103999999999999981e-01
1.100000000000000006e-01
1.068000000000000060e-01
1.069999999999999979e-01
1.047000000000000014e-01
1.121000000000000052e-01
1.091000000000000025e-01
1.088999999999999968e-01
1.078000000000000069e-01
1.048000000000000043e-01
1.054999999999999966e-01
1.076000000000000012e-01
1.083999999999999964e-01
1.059999999999999970e-01
1.049999999999999961e-01
1.054999999999999966e-01
2.170999999999999874e-01
1.562999999999999945e-01
1.317000000000000115e-01
1.247000000000000053e-01
1.194999999999999951e-01
1.164000000000000035e-01
1.149000000000000021e-01
1.122999999999999970e-01
1.117999999999999966e-01
1.097999999999999948e-01
1.093999999999999972e-01
1.102999999999999953e-01
1.078999999999999959e-01
1.064999999999999974e-01
1.062000000000000027e-01
1.044999999999999957e-01
1.035999999999999976e-01
1.025999999999999968e-01
1.009000000000000036e-01
1.003000000000000003e-01
1.049999999999999961e-01
1.025999999999999968e-01
1.189000000000000057e-01
1.116000000000000048e-01
1.087000000000000050e-01
1.072000000000000036e-01
1.032000000000000001e-01
1.035999999999999976e-01
1.028000000000000025e-01
1.039999999999999952e-01
1.015999999999999959e-01
1.001999999999999974e-01
1.003000000000000003e-01
1.006999999999999978e-01
9.915999999999999814e-02
9.710000000000000575e-02
9.643999999999999795e-02
9.615999999999999548e-02
9.217999999999999805e-02
9.614999999999999936e-02
9.332000000000000017e-02
9.761000000000000232e-02
9.471000000000000252e-02
9.375999999999999612e-02
9.397999999999999410e-02
9.310999999999999832e-02
9.264000000000000012e-02
9.110000000000000042e-02
9.106999999999999817e-02
8.958000000000000684e-02
8.840000000000000635e-02
9.067999999999999672e-02
8.838999999999999635e-02
8.643000000000000682e-02
8.735999999999999321e-02
8.649999999999999356e-02
8.716999999999999749e-02
8.666000000000000092e-02
8.552999999999999492e-02
8.405999999999999583e-02
8.329999999999999905e-02
9.048000000000000487e-02
8.870000000000000107e-02
8.820999999999999674e-02
8.898000000000000353e-02
8.883000000000000618e-02
1.008000000000000007e-01
2.590000000000000080e-01
1.908999999999999864e-01
1.650999999999999968e-01
1.471999999999999975e-01
1.444000000000000006e-01
1.395000000000000129e-01
1.365000000000000102e-01
1.315000000000000058e-01
1.393000000000000071e-01
1.333000000000000018e-01
1.288999999999999868e-01
1.257999999999999952e-01
1.246000000000000024e-01
1.237000000000000044e-01
1.226000000000000006e-01
1.208000000000000046e-01
1.567000000000000060e-01
2.159999999999999976e-01
2.056000000000000050e-01
1.968000000000000027e-01
2.053000000000000103e-01
2.064999999999999891e-01
2.036999999999999922e-01
2.086999999999999966e-01
2.066999999999999948e-01
2.026000000000000023e-01
1.983999999999999930e-01
1.935999999999999943e-01
1.892000000000000071e-01
1.839999999999999969e-01
1.794000000000000039e-01
1.751000000000000056e-01
1.708000000000000074e-01
1.665000000000000091e-01
1.622999999999999998e-01
1.580000000000000016e-01
1.550999999999999879e-01
1.514000000000000068e-01
1.479000000000000037e-01
1.444999999999999896e-01
1.419999999999999873e-01
3.472999999999999976e-01
2.497000000000000053e-01
1.086999999999999966e+00
6.409000000000000252e-01
5.201000000000000068e-01
4.998000000000000220e-01
3.906000000000000028e-01
4.257000000000000228e-01
3.739999999999999991e-01
3.378999999999999782e-01
3.133000000000000229e-01
2.957000000000000184e-01
5.696999999999999842e-01
2.898000000000000131e+00
1.606000000000000094e+00
1.034000000000000030e+00
7.416000000000000369e-01
5.777999999999999803e-01
4.788000000000000034e-01
6.064000000000000501e-01
6.448000000000000398e-01
7.215000000000000302e-01
5.656999999999999806e-01
4.864999999999999880e-01
4.388000000000000234e-01
3.981999999999999984e-01
3.842999999999999750e-01
3.660999999999999810e-01
3.494999999999999774e-01
3.320000000000000173e-01
3.250000000000000111e-01
1.147000000000000020e+00
7.274000000000000465e-01
6.069999999999999840e-01
4.994999999999999996e-01
4.341999999999999749e-01
1.381000000000000005e+00
8.546000000000000263e-01
6.344999999999999529e-01
5.117000000000000437e-01
4.390999999999999903e-01
3.940000000000000169e-01
3.623000000000000109e-01
3.413999999999999813e-01
3.236999999999999877e-01
3.090999999999999859e-01
2.957000000000000184e-01
2.837999999999999967e-01
2.761000000000000121e-01
2.662999999999999812e-01
2.580999999999999961e-01
3.059999999999999942e-01
2.736999999999999988e-01
2.540999999999999925e-01
2.407999999999999863e-01
2.245000000000000051e-01
2.195999999999999897e-01
2.121999999999999997e-01
2.058000000000000107e-01
2.011000000000000010e-01
1.945999999999999952e-01
1.890000000000000013e-01
1.821000000000000119e-01
1.779999999999999916e-01
1.748000000000000109e-01
1.696000000000000008e-01
1.678999999999999937e-01
1.625000000000000056e-01
1.620999999999999941e-01
1.610000000000000042e-01
1.612000000000000099e-01
1.570000000000000007e-01
1.529999999999999971e-01
1.491000000000000103e-01
1.701999999999999902e-01
1.350000000000000089e+00
8.514000000000000457e-01
8.979000000000000314e-01
6.304999999999999494e-01
4.978000000000000203e-01
4.121000000000000218e-01
3.771999999999999797e-01
3.477000000000000091e-01
3.183000000000000274e-01
3.094000000000000083e-01
2.954999999999999849e-01
2.839999999999999747e-01
2.720000000000000195e-01
2.630000000000000115e-01
2.580999999999999961e-01
2.494999999999999996e-01
2.426999999999999991e-01
2.467000000000000026e-01
2.354999999999999871e-01
1.286000000000000032e+00
7.522999999999999687e-01
5.203999999999999737e-01
4.021000000000000130e-01
3.332999999999999852e-01
2.964999999999999858e-01
2.801000000000000156e-01
2.620999999999999996e-01
2.446000000000000119e-01
2.386999999999999955e-01
2.291999999999999871e-01
2.250000000000000056e-01
2.192000000000000060e-01
2.530999999999999917e-01
1.362000000000000099e+00
7.801000000000000156e-01
1.548999999999999932e+00
2.775999999999999801e+00
1.580000000000000071e+00
1.040999999999999925e+00
7.639000000000000234e-01
6.075000000000000400e-01
5.121999999999999886e-01
4.587999999999999856e-01
4.169999999999999818e-01
5.293999999999999817e-01
4.356999999999999762e-01
1.058000000000000052e+00
2.162999999999999812e+00
2.553999999999999826e+00
1.504000000000000004e+00
1.016999999999999904e+00
8.409999999999999698e-01
2.396999999999999797e+00
1.413999999999999924e+00
9.687000000000000055e-01
7.364000000000000545e-01
6.038999999999999924e-01
5.214999999999999636e-01
4.598999999999999755e-01
4.314000000000000057e-01
3.980000000000000204e-01
3.800999999999999934e-01
3.632000000000000228e-01
3.483999999999999875e-01
3.380000000000000226e-01
3.279000000000000248e-01
3.382999999999999896e-01
3.170999999999999930e-01
3.049000000000000044e-01
2.937000000000000166e-01
2.834999999999999742e-01
3.353999999999999759e-01
3.274000000000000021e+00
2.459000000000000075e+00
1.445000000000000062e+00
9.641999999999999460e-01
7.092000000000000526e-01
5.645000000000000018e-01
4.713999999999999857e-01
4.255999999999999783e-01
3.875000000000000111e-01
3.719000000000000083e-01
9.728999999999999870e-01
6.250000000000000000e-01
4.692999999999999949e-01
3.891999999999999904e-01
3.433999999999999830e-01
3.145999999999999908e-01
2.932000000000000162e-01
2.817000000000000060e-01
2.710000000000000187e-01
2.620000000000000107e-01
2.550000000000000044e-01
4.077999999999999958e-01
3.176999999999999824e-01
2.765000000000000235e-01
2.545999999999999930e-01
2.396999999999999964e-01
2.291999999999999871e-01
2.194000000000000117e-01
2.142999999999999905e-01
2.099999999999999922e-01
2.046000000000000041e-01
1.986999999999999877e-01
2.043999999999999984e-01
1.960000000000000075e-01
1.932000000000000106e-01
1.887999999999999956e-01
1.847999999999999921e-01
1.809999999999999942e-01
1.769000000000000017e-01
1.728999999999999981e-01
1.708000000000000074e-01
1.640999999999999959e-01
1.706999999999999906e-01
1.643999999999999906e-01
1.620000000000000051e-01
1.605999999999999928e-01
1.796999999999999986e-01
1.683000000000000052e-01
1.615000000000000047e-01
1.584000000000000130e-01
1.587000000000000077e-01
1.572000000000000064e-01
1.509000000000000064e-01
1.482999999999999874e-01
1.461999999999999966e-01
1.451000000000000068e-01
1.484000000000000041e-01
1.426000000000000045e-01
1.398000000000000076e-01
1.486000000000000099e-01
1.436000000000000054e-01
1.436000000000000054e-01
1.396999999999999909e-01
1.378000000000000058e-01
1.368000000000000049e-01
1.342000000000000137e-01
1.322000000000000119e-01
1.315000000000000058e-01
1.295999999999999930e-01
1.254000000000000115e-01
1.257999999999999952e-01
1.363000000000000045e-01
1.327000000000000124e-01
1.308999999999999886e-01
1.325999999999999956e-01
1.290000000000000036e-01
1.293999999999999873e-01
1.255000000000000004e-01
1.592999999999999972e-01
1.429999999999999882e-01
1.368000000000000049e-01
1.335000000000000075e-01
1.315000000000000058e-01
1.854999999999999982e-01
1.522999999999999909e-01
1.400000000000000133e-01
1.353000000000000036e-01
1.330999999999999961e-01
1.295999999999999930e-01
1.223999999999999977e+00
6.725999999999999757e-01
4.475999999999999979e-01
3.412000000000000033e-01
2.842999999999999972e-01
2.548000000000000265e-01
2.336999999999999911e-01
2.202999999999999958e-01
2.122999999999999887e-01
2.039999999999999869e-01
1.970999999999999974e-01
1.930000000000000049e-01
2.139999999999999958e-01
1.971999999999999864e-01
1.872999999999999943e-01
1.819999999999999951e-01
1.779999999999999916e-01
1.814000000000000057e-01
2.520000000000000018e+00
1.518999999999999906e+00
9.286999999999999700e-01
6.491999999999999993e-01
5.038000000000000256e-01
2.424999999999999822e+00
1.368000000000000105e+00
9.063999999999999835e-01
6.685999999999999721e-01
5.394999999999999796e-01
4.618999999999999773e-01
7.610000000000000098e-01
5.439000000000000501e-01
5.252999999999999892e-01
4.280999999999999805e-01
3.731999999999999762e-01
3.406000000000000139e-01
3.185999999999999943e-01
3.013000000000000123e-01
8.569999999999999840e-01
3.498000000000000220e+00
2.115000000000000213e+00
1.312999999999999945e+00
9.127999999999999448e-01
4.746000000000000441e+00
2.576999999999999957e+00
1.606000000000000094e+00
1.372000000000000108e+00
9.657000000000000028e-01
7.450999999999999845e-01
6.153999999999999471e-01
5.328000000000000513e-01
4.796000000000000263e-01
4.404000000000000137e-01
9.484000000000000208e-01
6.515999999999999570e-01
5.110999999999999988e-01
4.356999999999999762e-01
3.921000000000000041e-01
3.622000000000000219e-01
3.411000000000000143e-01
3.221999999999999864e-01
3.134000000000000119e-01
3.019000000000000017e-01
2.909999999999999809e-01
2.802000000000000046e-01
2.731000000000000094e-01
2.657999999999999807e-01
2.581999999999999851e-01
2.504000000000000115e-01
2.462000000000000022e-01
5.040000000000000036e-01
3.983999999999999764e-01
3.331000000000000072e-01
2.934999999999999831e-01
8.685000000000000497e-01
1.256000000000000005e+00
1.038999999999999924e+00
2.597999999999999865e+00
1.522000000000000020e+00
1.016999999999999904e+00
7.788000000000000478e-01
1.241000000000000103e+00
8.510999999999999677e-01
6.461999999999999966e-01
7.028999999999999693e-01
5.823000000000000398e-01
5.108000000000000318e-01
4.655000000000000249e-01
4.345999999999999863e-01
5.721000000000000529e-01
4.847000000000000197e-01
4.350999999999999868e-01
4.042999999999999927e-01
3.826999999999999846e-01
3.649999999999999911e-01
3.502000000000000113e-01
3.365000000000000213e-01
3.244000000000000217e-01
3.144000000000000128e-01
3.049000000000000044e-01
2.954999999999999849e-01
2.864999999999999769e-01
3.477000000000000091e-01
3.104999999999999982e-01
2.844999999999999751e-01
2.674000000000000266e-01
2.558000000000000274e-01
2.467000000000000026e-01
1.546999999999999931e+00
2.858999999999999986e+00
2.753000000000000114e+00
3.040999999999999925e+00
1.764999999999999902e+00
1.143000000000000016e+00
8.088999999999999524e-01
6.166000000000000369e-01
5.008000000000000229e-01
4.269000000000000017e-01
5.766000000000000014e-01
6.004000000000000448e-01
4.660000000000000253e-01
4.093999999999999861e-01
3.667000000000000259e-01
3.377000000000000002e-01
3.178000000000000269e-01
3.024999999999999911e-01
2.897000000000000131e-01
2.787000000000000033e-01
2.690000000000000169e-01
2.597999999999999754e-01
2.520999999999999908e-01
2.446000000000000119e-01
2.373999999999999999e-01
2.305000000000000104e-01
2.240000000000000047e-01
2.182000000000000051e-01
2.122999999999999887e-01
2.066999999999999948e-01
2.013000000000000067e-01
1.962000000000000133e-01
1.908999999999999864e-01
1.864999999999999991e-01
1.817999999999999894e-01
1.774999999999999911e-01
1.731000000000000039e-01
1.691999999999999893e-01
1.653000000000000025e-01
1.615000000000000047e-01
1.577999999999999958e-01
1.542000000000000037e-01
1.511000000000000121e-01
1.476999999999999980e-01
1.446999999999999953e-01
1.406999999999999917e-01
4.200999999999999734e-01
6.229999999999999982e-01
4.208000000000000074e-01
3.170999999999999930e-01
2.607999999999999763e-01
2.278000000000000025e-01
2.064999999999999891e-01
1.915999999999999925e-01
1.806000000000000105e-01
1.728000000000000091e-01
1.665999999999999981e-01
1.607999999999999985e-01
1.564000000000000112e-01
1.516000000000000125e-01
1.481000000000000094e-01
1.441999999999999948e-01
1.403999999999999970e-01
1.491999999999999993e-01
9.900999999999999801e-01
2.294999999999999929e+00
2.189000000000000057e+00
1.292000000000000037e+00
8.528000000000000025e-01
6.173999999999999488e-01
4.809999999999999831e-01
3.986000000000000099e-01
3.461000000000000187e-01
3.099999999999999978e-01
2.844999999999999751e-01
2.662999999999999812e-01
3.191999999999999837e-01
2.812999999999999945e-01
2.533000000000000251e-01
2.893999999999999906e-01
4.794999999999999818e-01
3.716999999999999749e-01
3.129000000000000115e-01
1.245999999999999996e+00
7.603999999999999648e-01
5.352000000000000091e-01
2.625000000000000000e+00
5.988000000000000433e+00
8.596999999999999531e+00
8.570999999999999730e+00
8.833000000000000185e+00
6.839000000000000412e+00
3.963999999999999968e+00
2.508000000000000007e+00
1.713999999999999968e+00
1.245000000000000107e+00
9.570999999999999508e-01
7.760000000000000231e-01
6.561000000000000165e-01
8.126999999999999780e-01
7.931000000000000272e-01
6.220999999999999863e-01
5.437999999999999501e-01
4.827000000000000179e-01
4.698999999999999844e-01
4.836999999999999744e+00
2.886000000000000121e+00
1.794999999999999929e+00
1.245000000000000107e+00
9.296999999999999709e-01
7.655999999999999472e-01
6.534999999999999698e-01
5.809999999999999609e-01
5.280000000000000249e-01
4.894999999999999907e-01
4.613999999999999768e-01
4.358000000000000207e-01
4.141000000000000236e-01
3.976999999999999980e-01
3.805999999999999939e-01
3.673000000000000154e-01
3.529999999999999805e-01
3.420000000000000262e-01
3.300000000000000155e-01
3.181999999999999829e-01
3.080999999999999850e-01
2.963999999999999968e-01
4.279000000000000026e-01
3.568000000000000060e-01
3.174000000000000155e-01
2.916000000000000258e-01
2.753999999999999782e-01
2.644000000000000239e-01
1.820999999999999952e+00
1.030000000000000027e+00
6.811000000000000387e-01
5.087000000000000410e-01
4.031000000000000139e-01
3.562000000000000166e-01
3.584999999999999853e-01
3.190999999999999948e-01
2.917000000000000148e-01
5.117000000000000437e-01
9.000000000000000222e-01
6.473999999999999755e-01
4.994999999999999996e-01
4.148999999999999910e-01
3.542000000000000148e-01
3.341999999999999971e-01
3.125000000000000000e-01
2.972000000000000197e-01
2.842000000000000082e-01
2.725000000000000200e-01
2.636000000000000010e-01
2.576999999999999846e-01
2.631999999999999895e-01
2.505999999999999894e-01
3.780999999999999917e-01
4.882000000000000228e-01
3.556000000000000272e-01
2.977000000000000202e-01
2.656000000000000028e-01
3.099000000000000088e-01
1.298000000000000043e+00
7.412999999999999590e-01
5.121999999999999886e-01
3.948999999999999733e-01
3.284000000000000252e-01
2.872000000000000108e-01
3.786999999999999811e-01
3.040999999999999814e-01
2.636000000000000010e-01
2.457000000000000017e-01
2.296999999999999875e-01
2.205000000000000016e-01
2.222999999999999976e-01
2.464999999999999858e+00
1.326999999999999957e+00
8.336000000000000076e-01
5.880999999999999561e-01
4.454000000000000181e-01
3.785000000000000031e-01
3.881000000000000005e-01
1.717999999999999972e+00
1.066000000000000059e+00
7.104000000000000314e-01
5.305999999999999606e-01
4.340999999999999859e-01
3.738000000000000211e-01
3.380000000000000226e-01
3.130000000000000004e-01
2.963000000000000078e-01
2.812000000000000055e-01
2.711999999999999966e-01
2.600999999999999979e-01
2.525000000000000022e-01
2.444999999999999951e-01
2.396999999999999964e-01
7.207999999999999963e-01
5.642000000000000348e-01
4.399000000000000132e-01
3.441000000000000170e-01
2.945999999999999730e-01
3.387999999999999901e+00
1.792000000000000037e+00
1.098000000000000087e+00
7.480999999999999872e-01
5.600000000000000533e-01
5.898999999999999799e-01
4.530000000000000138e-01
4.940999999999999837e-01
3.926999999999999935e-01
3.356999999999999984e-01
3.842999999999999750e-01
2.237999999999999989e+00
1.254000000000000004e+00
8.111000000000000432e-01
5.998999999999999888e-01
4.781000000000000250e-01
3.975000000000000200e-01
3.609999999999999876e-01
3.321000000000000063e-01
3.093000000000000194e-01
2.936000000000000276e-01
5.616999999999999771e-01
6.586999999999999522e-01
4.580000000000000182e-01
1.064999999999999947e+00
6.913000000000000256e-01
4.981999999999999762e-01
4.097000000000000086e-01
3.567000000000000171e-01
3.129000000000000115e-01
7.278000000000000025e-01
4.774999999999999800e-01
2.355999999999999872e+00
1.314999999999999947e+00
8.510999999999999677e-01
6.152999999999999581e-01
8.128999999999999559e-01
5.683000000000000274e-01
4.457999999999999741e-01
3.766999999999999793e-01
3.367999999999999883e-01
3.084999999999999964e-01
2.903999999999999915e-01
2.766000000000000125e-01
2.657999999999999807e-01
2.555000000000000049e-01
2.469000000000000083e-01
2.398000000000000131e-01
2.338999999999999968e-01
2.310000000000000109e-01
2.153000000000000025e+00
2.129000000000000004e+00
1.566999999999999948e+00
7.618000000000000327e+00
4.620000000000000107e+00
6.052999999999999936e+00
3.427000000000000046e+00
2.169999999999999929e+00
1.499000000000000110e+00
1.116000000000000103e+00
8.885999999999999455e-01
7.426000000000000378e-01
6.472999999999999865e-01
5.823000000000000398e-01
5.342999999999999972e-01
4.980999999999999872e-01
4.637000000000000011e-01
4.551999999999999935e-01
4.361999999999999766e-01
4.159999999999999809e-01
4.430999999999999939e-01
4.076000000000000179e-01
3.846999999999999864e-01
3.701999999999999735e-01
3.350000000000000089e+00
1.804000000000000048e+00
1.135000000000000009e+00
7.996999999999999664e-01
6.899999999999999467e-01
4.152000000000000135e+00
2.245000000000000107e+00
1.403999999999999915e+00
1.000999999999999890e+00
8.618999999999999995e-01
6.670000000000000373e-01
1.870000000000000107e+00
1.189000000000000057e+00
8.440999999999999615e-01
6.608000000000000540e-01
5.551000000000000378e-01
4.889999999999999902e-01
4.445999999999999952e-01
4.137000000000000122e-01
3.922999999999999821e-01
3.734000000000000097e-01
3.579999999999999849e-01
1.989000000000000101e+00
1.125999999999999890e+00
7.627000000000000446e-01
5.703000000000000291e-01
9.945000000000000506e-01
6.631000000000000227e-01
5.217000000000000526e-01
4.375999999999999890e-01
3.761999999999999789e-01
3.548999999999999932e-01
3.326999999999999957e-01
3.741999999999999771e-01
5.017000000000000348e+00
6.171999999999999709e+00
1.091000000000000014e+01
5.807999999999999829e+00
3.439999999999999947e+00
2.204000000000000181e+00
1.502999999999999892e+00
1.110000000000000098e+00
8.616000000000000325e-01
8.036999999999999700e-01
6.572999999999999954e-01
5.645000000000000018e-01
5.027000000000000357e-01
4.606999999999999984e-01
4.294999999999999929e-01
4.042000000000000037e-01
3.862999999999999767e-01
3.653000000000000136e-01
3.986999999999999988e-01
3.696999999999999731e-01
3.481000000000000205e-01
3.274000000000000243e-01
3.190000000000000058e-01
7.012999999999999901e+00
3.673999999999999932e+00
2.169999999999999929e+00
1.401000000000000023e+00
9.814000000000000501e-01
7.396000000000000352e-01
1.911000000000000032e+00
1.149999999999999911e+00
7.947999999999999510e-01
2.306000000000000050e+00
1.381999999999999895e+00
9.444000000000000172e-01
7.429999999999999938e-01
6.039999999999999813e-01
5.138000000000000345e-01
4.561999999999999944e-01
4.173000000000000043e-01
3.894000000000000239e-01
3.685999999999999832e-01
3.514999999999999791e-01
3.371000000000000107e-01
3.236999999999999877e-01
2.248000000000000220e+00
6.905000000000000249e+00
3.646999999999999797e+00
2.149000000000000021e+00
1.377000000000000002e+00
9.485000000000000098e-01
7.362999999999999545e-01
6.198000000000000176e-01
5.018000000000000238e-01
4.220999999999999752e-01
3.720999999999999863e-01
3.378999999999999782e-01
1.231999999999999984e+00
3.858999999999999986e+00
1.250000000000000000e+01
6.472000000000000419e+00
3.762999999999999901e+00
2.327999999999999847e+00
1.526000000000000023e+00
1.060999999999999943e+00
8.095999999999999863e-01
6.329000000000000181e-01
5.137000000000000455e-01
1.058999999999999941e+00
7.246000000000000218e-01
7.479999999999999982e-01
5.867999999999999883e-01
4.951999999999999735e-01
4.405000000000000027e-01
4.040000000000000258e-01
3.778000000000000247e-01
3.578000000000000069e-01
3.417000000000000037e-01
3.276000000000000023e-01
3.158000000000000251e-01
3.047000000000000264e-01
2.947000000000000175e-01
2.856000000000000205e-01
2.767000000000000015e-01
2.686999999999999944e-01
2.607999999999999763e-01
2.535000000000000031e-01
2.462999999999999912e-01
2.396000000000000074e-01
2.330000000000000127e-01
2.268000000000000016e-01
2.207999999999999963e-01
2.151000000000000134e-01
2.096000000000000085e-01
2.038000000000000089e-01
1.986999999999999877e-01
1.940999999999999948e-01
1.892999999999999960e-01
1.845999999999999863e-01
1.804000000000000048e-01
1.766999999999999960e-01
1.718999999999999972e-01
1.688000000000000056e-01
1.650000000000000078e-01
1.607999999999999985e-01
1.575000000000000011e-01
1.544999999999999984e-01
1.595000000000000029e-01
1.564000000000000112e-01
1.499999999999999944e-01
1.453000000000000125e-01
1.419999999999999873e-01
1.383000000000000063e-01
1.355999999999999983e-01
1.320000000000000062e-01
1.300000000000000044e-01
1.269000000000000128e-01
1.264000000000000123e-01
3.141999999999999793e-01
2.320000000000000118e-01
1.983999999999999930e-01
1.719999999999999862e-01
1.564000000000000112e-01
1.429999999999999882e-01
1.441000000000000059e-01
1.199000000000000066e+00
2.099000000000000199e+00
4.932999999999999829e+00
6.706000000000000405e+00
3.621999999999999886e+00
2.173999999999999932e+00
1.572999999999999954e+00
1.068000000000000060e+00
1.110999999999999988e+00
7.698000000000000398e-01
6.082999999999999519e-01
5.034999999999999476e-01
4.238999999999999990e-01
3.919000000000000261e-01
3.603999999999999981e-01
3.360000000000000209e-01
4.665000000000000258e-01
3.826999999999999846e-01
3.336000000000000076e-01
3.043000000000000149e-01
2.782000000000000028e-01
4.269000000000000017e-01
4.361999999999999766e-01
3.829000000000000181e-01
4.340999999999999859e-01
9.143000000000000016e-01
6.372999999999999776e-01
5.925000000000000266e-01
4.819999999999999840e-01
4.203000000000000069e-01
3.801999999999999824e-01
3.543000000000000038e-01
5.701000000000000512e-01
6.592999999999999972e-01
4.809999999999999831e-01
4.061000000000000165e-01
3.602000000000000202e-01
3.307999999999999829e-01
3.099000000000000088e-01
2.949999999999999845e-01
2.827000000000000068e-01
2.721000000000000085e-01
2.625000000000000111e-01
2.520000000000000018e-01
3.803000000000000269e-01
4.294999999999999929e-01
3.341000000000000081e-01
2.833999999999999853e-01
2.560000000000000053e-01
5.395999999999999686e-01
3.689000000000000057e-01
3.013000000000000123e-01
2.541999999999999815e-01
2.384000000000000008e-01
2.227999999999999980e-01
2.117999999999999883e-01
4.490999999999999992e-01
1.997999999999999998e+00
1.118000000000000105e+00
7.288999999999999924e-01
5.332000000000000073e-01
4.223999999999999977e-01
3.563999999999999946e-01
3.180999999999999939e-01
7.481999999999999762e-01
4.951999999999999735e-01
4.163000000000000034e-01
3.378999999999999782e-01
2.908999999999999919e-01
2.586999999999999855e-01
2.432999999999999885e-01
2.333000000000000074e-01
2.273000000000000020e-01
2.175999999999999879e-01
2.202999999999999958e-01
2.106000000000000094e-01
2.763999999999999790e-01
2.306999999999999884e-01
2.139999999999999958e-01
3.186999999999999833e-01
2.508000000000000229e-01
2.177000000000000046e-01
2.034999999999999865e-01
1.928999999999999881e-01
2.902000000000000135e-01
1.108000000000000096e+00
6.432999999999999829e-01
8.180999999999999162e+00
4.948000000000000398e+00
2.803999999999999826e+00
1.756000000000000005e+00
1.195999999999999952e+00
9.030000000000000249e-01
1.032999999999999918e+00
7.364000000000000545e-01
1.147999999999999909e+00
7.776999999999999469e-01
5.866999999999999993e-01
6.138000000000000123e-01
4.970999999999999863e-01
4.280999999999999805e-01
1.411000000000000032e+00
8.521999999999999575e-01
6.143999999999999462e-01
4.872000000000000219e-01
4.147000000000000131e-01
3.689000000000000057e-01
3.383999999999999786e-01
3.175999999999999934e-01
2.995999999999999774e-01
2.888999999999999901e-01
2.777000000000000024e-01
2.705000000000000182e-01
2.621999999999999886e-01
2.530000000000000027e-01
2.467000000000000026e-01
2.393000000000000127e-01
2.353999999999999981e-01
2.368000000000000105e-01
2.298000000000000043e-01
2.225000000000000033e-01
2.242000000000000104e-01
2.154000000000000081e-01
2.107999999999999874e-01
2.056000000000000050e-01
2.046000000000000041e-01
1.970000000000000084e-01
1.917000000000000093e-01
1.912000000000000088e-01
1.955000000000000071e-01
2.228999999999999870e-01
2.001000000000000001e-01
1.913999999999999868e-01
1.852000000000000035e-01
1.804000000000000048e-01
1.786000000000000087e-01
1.741000000000000048e-01
2.403000000000000136e-01
2.028000000000000080e-01
1.860999999999999877e-01
1.746999999999999942e-01
1.701999999999999902e-01
1.683000000000000052e-01
1.938999999999999890e-01
1.733000000000000096e-01
1.666999999999999871e-01
1.637000000000000122e-01
1.580000000000000016e-01
1.560999999999999888e-01
1.527999999999999914e-01
2.374000000000000110e+00
1.318999999999999950e+00
1.338000000000000078e+00
8.490999999999999659e-01
8.428999999999999826e-01
5.973000000000000531e-01
4.757000000000000117e-01
4.071000000000000174e-01
3.817999999999999727e-01
6.256000000000000449e-01
4.505000000000000115e-01
3.700999999999999845e-01
3.306000000000000050e-01
3.039000000000000035e-01
2.862000000000000099e-01
2.750000000000000222e-01
7.631000000000000005e-01
4.883000000000000118e-01
3.693000000000000171e-01
5.153999999999999693e-01
1.754999999999999893e+00
9.913999999999999480e-01
6.584999999999999742e-01
4.900999999999999801e-01
3.607000000000000206e+00
2.116000000000000103e+00
1.290999999999999925e+00
8.824999999999999512e-01
6.622999999999999998e-01
5.395999999999999686e-01
4.647000000000000020e-01
4.129999999999999782e-01
3.763000000000000234e-01
3.513999999999999901e-01
5.202999999999999847e-01
4.097999999999999976e-01
3.568999999999999950e-01
3.251000000000000001e-01
3.045999999999999819e-01
2.898999999999999910e-01
2.787000000000000033e-01
2.690000000000000169e-01
2.622999999999999776e-01
8.217999999999999750e-01
5.163999999999999702e-01
3.856999999999999873e-01
3.184000000000000163e-01
2.808999999999999830e-01
2.584000000000000186e-01
2.444999999999999951e-01
2.340000000000000135e-01
1.473999999999999977e+00
9.034000000000000696e+00
4.621000000000000441e+00
2.665000000000000036e+00
1.673999999999999932e+00
1.133000000000000007e+00
8.221000000000000529e-01
6.369000000000000217e-01
5.194999999999999618e-01
4.434000000000000163e-01
3.941999999999999948e-01
5.434999999999999831e-01
4.254000000000000004e-01
3.638000000000000123e-01
