    1 1998      0.4115
    2 1998      0.4182
    3 1998      0.7728
    4 1998      0.5480
    5 1998      0.5345
    6 1998      0.8736
    7 1998      0.9737
    8 1998      0.6167
    9 1998      0.6824
   10 1998      0.5426
   11 1998      0.8957
   12 1998      0.7566
   13 1998      0.6942
   14 1998      0.6090
   15 1998      0.5749
   16 1998      0.5368
   17 1998      0.5568
   18 1998      0.5009
   19 1998      0.4904
   20 1998      0.4837
   21 1998      0.4519
   22 1998      0.4611
   23 1998      0.4389
   24 1998      0.4200
   25 1998      0.4381
   26 1998      0.4217
   27 1998      0.4066
   28 1998      0.3926
   29 1998      0.4152
   30 1998      0.6674
   31 1998      0.5921
   32 1998      0.8194
   33 1998      0.9316
   34 1998      0.9435
   35 1998      0.7724
   36 1998      0.6693
   37 1998      0.5864
   38 1998      0.5417
   39 1998      0.5108
   40 1998      0.4754
   41 1998      0.4600
   42 1998      0.4222
   43 1998      0.6015
   44 1998      0.5064
   45 1998      0.4927
   46 1998      0.4503
   47 1998      0.4364
   48 1998      0.4019
   49 1998      0.4892
   50 1998      0.8401
   51 1998      0.7351
   52 1998      0.6263
   53 1998      0.5358
   54 1998      0.5009
   55 1998      0.6523
   56 1998      0.5924
   57 1998      0.6582
   58 1998      0.7884
   59 1998      0.8466
   60 1998      0.7138
   61 1998      0.6181
   62 1998      0.5760
   63 1998      0.5443
   64 1998      0.5252
   65 1998      0.5130
   66 1998      0.4777
   67 1998      0.5189
   68 1998      0.7241
   69 1998      0.6657
   70 1998      0.5727
   71 1998      0.5212
   72 1998      0.5075
   73 1998      0.4881
   74 1998      0.4497
   75 1998      0.4556
   76 1998      0.4321
   77 1998      0.5130
   78 1998      0.4959
   79 1998      0.7663
   80 1998      0.9849
   81 1998      0.8436
   82 1998      0.7031
   83 1998      0.6498
   84 1998      0.5741
   85 1998      0.7857
   86 1998      0.6684
   87 1998      0.5851
   88 1998      0.5457
   89 1998      0.4895
   90 1998      0.4620
   91 1998      0.7371
   92 1998      0.6472
   93 1998      0.5729
   94 1998      0.5109
   95 1998      0.4915
   96 1998      0.4681
   97 1998      0.4271
   98 1998      0.4943
   99 1998      0.8693
  100 1998      0.7230
  101 1998      0.6070
  102 1998      0.5601
  103 1998      0.5122
  104 1998      0.4690
  105 1998      0.4366
  106 1998      0.4341
  107 1998      0.4179
  108 1998      0.3950
  109 1998      0.6740
  110 1998      0.7966
  111 1998      0.6530
  112 1998      0.5795
  113 1998      0.4990
  114 1998      0.4717
  115 1998      0.4425
  116 1998      0.5545
  117 1998      0.4984
  118 1998      0.4583
  119 1998      0.4272
  120 1998      0.4209
  121 1998      0.3903
  122 1998      0.5722
  123 1998      0.4849
  124 1998      0.4167
  125 1998      0.4134
  126 1998      0.3816
  127 1998      0.3812
  128 1998      0.3578
  129 1998      0.4371
  130 1998      0.8242
  131 1998      0.6691
  132 1998      0.5746
  133 1998      0.5161
  134 1998      0.4477
  135 1998      0.4147
  136 1998      0.4029
  137 1998      0.4056
  138 1998      0.3804
  139 1998      0.3984
  140 1998      0.3815
  141 1998      0.3674
  142 1998      0.3551
  143 1998      0.3442
  144 1998      0.3724
  145 1998      0.3621
  146 1998      0.3515
  147 1998      0.3434
  148 1998      0.3348
  149 1998      0.3302
  150 1998      0.3226
  151 1998      0.6374
  152 1998      0.8330
  153 1998      0.6707
  154 1998      0.6917
  155 1998      0.5925
  156 1998      0.5180
  157 1998      0.4771
  158 1998      0.4627
  159 1998      0.4148
  160 1998      0.4286
  161 1998      0.4025
  162 1998      0.4095
  163 1998      0.4418
  164 1998      0.8414
  165 1998      0.6341
  166 1998      0.5458
  167 1998      0.8800
  168 1998      0.9167
  169 1998      0.9859
  170 1998      0.8289
  171 1998      0.7242
  172 1998      0.6417
  173 1998      0.5877
  174 1998      0.5501
  175 1998      0.7554
  176 1998      0.6321
  177 1998      0.5755
  178 1998      0.5433
  179 1998      0.4921
  180 1998      0.5030
  181 1998      0.9509
  182 1998      0.8293
  183 1998      0.7031
  184 1998      0.6197
  185 1998      0.8216
  186 1998      0.7095
  187 1998      0.6137
  188 1998      0.5498
  189 1998      0.5764
  190 1998      0.8854
  191 1998      0.7387
  192 1998      0.6338
  193 1998      0.5815
  194 1998      0.5247
  195 1998      0.5069
  196 1998      0.4807
  197 1998      0.4727
  198 1998      0.4656
  199 1998      0.4290
  200 1998      0.4379
  201 1998      0.4291
  202 1998      0.4116
  203 1998      0.3925
  204 1998      0.4077
  205 1998      0.3993
  206 1998      0.3868
  207 1998      0.3754
  208 1998      0.3648
  209 1998      0.3914
  210 1998      0.3810
  211 1998      0.3711
  212 1998      0.3616
  213 1998      0.3526
  214 1998      0.3439
  215 1998      0.3356
  216 1998      0.3650
  217 1998      0.3564
  218 1998      0.3482
  219 1998      0.3402
  220 1998      0.3326
  221 1998      0.3252
  222 1998      0.3181
  223 1998      0.3190
  224 1998      0.3123
  225 1998      0.3451
  226 1998      0.3404
  227 1998      0.3336
  228 1998      0.3271
  229 1998      0.3212
  230 1998      0.3181
  231 1998      0.3122
  232 1998      0.3064
  233 1998      0.3008
  234 1998      0.2954
  235 1998      0.2902
  236 1998      0.2874
  237 1998      0.2824
  238 1998      0.2777
  239 1998      0.3129
  240 1998      0.3078
  241 1998      0.3027
  242 1998      0.2979
  243 1998      0.2944
  244 1998      0.2898
  245 1998      0.2932
  246 1998      0.2888
  247 1998      0.2845
  248 1998      0.2803
  249 1998      0.2762
  250 1998      0.2972
  251 1998      0.2996
  252 1998      0.2955
  253 1998      0.2915
  254 1998      0.2876
  255 1998      0.2837
  256 1998      0.2800
  257 1998      0.2764
  258 1998      0.2728
  259 1998      0.2715
  260 1998      0.2680
  261 1998      0.2647
  262 1998      0.2614
  263 1998      0.2581
  264 1998      0.2550
  265 1998      0.2529
  266 1998      0.2499
  267 1998      0.2469
  268 1998      0.2854
  269 1998      0.2820
  270 1998      0.2825
  271 1998      0.2792
  272 1998      0.2760
  273 1998      0.2728
  274 1998      0.2724
  275 1998      0.2693
  276 1998      0.2663
  277 1998      0.2633
  278 1998      0.2603
  279 1998      0.2574
  280 1998      0.2546
  281 1998      0.2590
  282 1998      0.6256
  283 1998      0.6634
  284 1998      0.5439
  285 1998      0.4824
  286 1998      0.4146
  287 1998      0.6159
  288 1998      0.5180
  289 1998      0.4753
  290 1998      0.4255
  291 1998      0.4075
  292 1998      0.3961
  293 1998      0.3832
  294 1998      0.3913
  295 1998      0.3842
  296 1998      0.3701
  297 1998      0.3579
  298 1998      0.3469
  299 1998      0.3370
  300 1998      0.3652
  301 1998      0.3570
  302 1998      0.3488
  303 1998      0.3401
  304 1998      0.3318
  305 1998      0.3239
  306 1998      0.3163
  307 1998      0.3090
  308 1998      0.3407
  309 1998      0.3330
  310 1998      0.3257
  311 1998      0.3216
  312 1998      0.3148
  313 1998      0.3082
  314 1998      0.3032
  315 1998      0.3202
  316 1998      0.3119
  317 1998      0.3010
  318 1998      0.2925
  319 1998      0.2854
  320 1998      0.2775
  321 1998      0.3135
  322 1998      0.3074
  323 1998      0.3016
  324 1998      0.3116
  325 1998      0.3143
  326 1998      0.2895
  327 1998      0.3144
  328 1998      0.3025
  329 1998      0.2936
  330 1998      0.3164
  331 1998      0.3080
  332 1998      0.2940
  333 1998      0.2790
  334 1998      0.3082
  335 1998      0.2951
  336 1998      0.2939
  337 1998      0.2879
  338 1998      0.2825
  339 1998      0.2763
  340 1998      0.2730
  341 1998      0.2686
  342 1998      0.2795
  343 1998      0.2759
  344 1998      0.2680
  345 1998      0.2621
  346 1998      0.2553
  347 1998      0.2530
  348 1998      0.2490
  349 1998      0.2453
  350 1998      0.2829
  351 1998      0.2789
  352 1998      0.2756
  353 1998      0.2720
  354 1998      0.2708
  355 1998      0.2698
  356 1998      0.4792
  357 1998      0.3981
  358 1998      0.3870
  359 1998      0.3389
  360 1998      0.3461
  361 1998      0.3252
  362 1998      0.3100
  363 1998      0.3363
  364 1998      0.3250
  365 1998      0.3153
    1 1999      0.3065
    2 1999      0.2985
    3 1999      0.2911
    4 1999      0.2835
    5 1999      0.2776
    6 1999      0.3110
    7 1999      0.3040
    8 1999      0.2974
    9 1999      0.2910
   10 1999      0.2848
   11 1999      0.2789
   12 1999      0.2732
   13 1999      0.2684
   14 1999      0.2631
   15 1999      0.2579
   16 1999      0.2530
   17 1999      0.2482
   18 1999      0.4616
   19 1999      0.8095
   20 1999      0.6804
   21 1999      0.6483
   22 1999      0.7362
   23 1999      0.8728
   24 1999      0.7561
   25 1999      0.7389
   26 1999      0.5755
   27 1999      0.9464
   28 1999      0.8261
   29 1999      0.7066
   30 1999      0.6548
   31 1999      0.5989
   32 1999      0.5552
   33 1999      0.5287
   34 1999      0.8254
   35 1999      0.7414
   36 1999      0.6364
   37 1999      0.5676
   38 1999      0.5276
   39 1999      0.4888
   40 1999      0.4861
   41 1999      0.5643
   42 1999      0.5248
   43 1999      0.5728
   44 1999      0.6858
   45 1999      0.5718
   46 1999      0.5298
   47 1999      0.5118
   48 1999      0.4895
   49 1999      0.4491
   50 1999      0.4532
   51 1999      0.4284
   52 1999      0.4432
   53 1999      0.4241
   54 1999      0.4072
   55 1999      0.3919
   56 1999      0.4133
   57 1999      0.3973
   58 1999      0.3842
   59 1999      0.4833
   60 1999      0.5389
   61 1999      0.4559
   62 1999      0.4943
   63 1999      0.6845
   64 1999      0.5938
   65 1999      0.4983
   66 1999      0.4698
   67 1999      0.4342
   68 1999      0.4221
   69 1999      0.3885
   70 1999      0.3983
   71 1999      0.3775
   72 1999      0.3977
   73 1999      0.3817
   74 1999      0.4098
   75 1999      0.4708
   76 1999      0.6912
   77 1999      0.9925
   78 1999      0.8013
   79 1999      0.6613
   80 1999      0.5863
   81 1999      0.7460
   82 1999      0.6519
   83 1999      0.7364
   84 1999      0.9420
   85 1999      0.8052
   86 1999      0.6804
   87 1999      0.6056
   88 1999      0.5695
   89 1999      0.5119
   90 1999      0.5145
   91 1999      0.4669
   92 1999      0.4644
   93 1999      0.4706
   94 1999      0.4382
   95 1999      0.4254
   96 1999      0.4424
   97 1999      0.4248
   98 1999      0.4088
   99 1999      0.3940
  100 1999      0.4160
  101 1999      0.4029
  102 1999      0.3917
  103 1999      0.3797
  104 1999      0.3675
  105 1999      0.3926
  106 1999      0.3955
  107 1999      0.4131
  108 1999      0.3654
  109 1999      0.3809
  110 1999      0.3618
  111 1999      0.3477
  112 1999      0.3858
  113 1999      0.4584
  114 1999      0.4223
  115 1999      0.3989
  116 1999      0.3563
  117 1999      0.3687
  118 1999      0.3498
  119 1999      0.3359
  120 1999      0.3246
  121 1999      0.3150
  122 1999      0.3456
  123 1999      0.3367
  124 1999      0.3286
  125 1999      0.3249
  126 1999      0.3179
  127 1999      0.3107
  128 1999      0.3038
  129 1999      0.2972
  130 1999      0.2908
  131 1999      0.2847
  132 1999      0.2788
  133 1999      0.3130
  134 1999      0.3067
  135 1999      0.3006
  136 1999      0.2947
  137 1999      0.2890
  138 1999      0.2835
  139 1999      0.2964
  140 1999      0.2911
  141 1999      0.2860
  142 1999      0.2810
  143 1999      0.2814
  144 1999      0.3887
  145 1999      0.3427
  146 1999      0.3239
  147 1999      0.2994
  148 1999      0.2803
  149 1999      0.3077
  150 1999      0.2984
  151 1999      0.2912
  152 1999      0.2854
  153 1999      0.2803
  154 1999      0.2756
  155 1999      0.2713
  156 1999      0.2673
  157 1999      0.2634
  158 1999      0.2596
  159 1999      0.2560
  160 1999      0.2525
  161 1999      0.2491
  162 1999      0.2458
  163 1999      0.2838
  164 1999      0.2801
  165 1999      0.2834
  166 1999      0.2798
  167 1999      0.2762
  168 1999      0.2777
  169 1999      0.2743
  170 1999      0.2709
  171 1999      0.2676
  172 1999      0.2644
  173 1999      0.2612
  174 1999      0.2581
  175 1999      0.2550
  176 1999      0.2570
  177 1999      0.2540
  178 1999      0.2510
  179 1999      0.2518
  180 1999      0.3375
  181 1999      0.3078
  182 1999      0.3027
  183 1999      0.2986
  184 1999      0.2801
  185 1999      0.9159
  186 1999      0.7144
  187 1999      0.5898
  188 1999      0.9309
  189 1999      0.8094
  190 1999      0.8529
  191 1999      0.7254
  192 1999      0.6468
  193 1999      0.5872
  194 1999      0.5458
  195 1999      0.5036
  196 1999      0.4824
  197 1999      0.4755
  198 1999      0.4436
  199 1999      0.5856
  200 1999      0.5244
  201 1999      0.4638
  202 1999      0.4708
  203 1999      0.4297
  204 1999      0.4365
  205 1999      0.4822
  206 1999      0.4264
  207 1999      0.4224
  208 1999      0.3928
  209 1999      0.4076
  210 1999      0.3889
  211 1999      0.3801
  212 1999      0.3678
  213 1999      0.3924
  214 1999      0.3837
  215 1999      0.3733
  216 1999      0.3635
  217 1999      0.3542
  218 1999      0.3468
  219 1999      0.3386
  220 1999      0.3687
  221 1999      0.3602
  222 1999      0.3518
  223 1999      0.3437
  224 1999      0.3360
  225 1999      0.3285
  226 1999      0.3269
  227 1999      0.7630
  228 1999      0.6110
  229 1999      0.5488
  230 1999      0.4823
  231 1999      0.4688
  232 1999      0.4201
  233 1999      0.7250
  234 1999      0.5885
  235 1999      0.4897
  236 1999      0.4415
  237 1999      0.4403
  238 1999      0.4099
  239 1999      0.4116
  240 1999      0.3827
  241 1999      0.3630
  242 1999      0.3841
  243 1999      0.3709
  244 1999      0.3597
  245 1999      0.3497
  246 1999      0.3406
  247 1999      0.3701
  248 1999      0.3613
  249 1999      0.3571
  250 1999      0.3687
  251 1999      0.5143
  252 1999      0.4324
  253 1999      0.3730
  254 1999      0.3576
  255 1999      0.3654
  256 1999      0.3452
  257 1999      0.3314
  258 1999      0.3182
  259 1999      0.4902
  260 1999      0.8792
  261 1999      0.6565
  262 1999      0.5314
  263 1999      0.8655
  264 1999      0.8747
  265 1999      0.5486
  266 1999      0.8350
  267 1999      0.7116
  268 1999      0.6253
  269 1999      0.5564
  270 1999      0.5074
  271 1999      0.4931
  272 1999      0.4691
  273 1999      0.7405
  274 1999      0.6083
  275 1999      0.5373
  276 1999      0.4824
  277 1999      0.5568
  278 1999      0.5174
  279 1999      0.4723
  280 1999      0.4236
  281 1999      0.4181
  282 1999      0.3897
  283 1999      0.5882
  284 1999      0.4884
  285 1999      0.4505
  286 1999      0.4168
  287 1999      0.6658
  288 1999      0.5769
  289 1999      0.4851
  290 1999      0.4579
  291 1999      0.4183
  292 1999      0.4275
  293 1999      0.4535
  294 1999      0.4467
  295 1999      0.4228
  296 1999      0.4389
  297 1999      0.4311
  298 1999      0.4278
  299 1999      0.3986
  300 1999      0.4145
  301 1999      0.3979
  302 1999      0.3840
  303 1999      0.3717
  304 1999      0.3977
  305 1999      0.3863
  306 1999      0.4204
  307 1999      0.4220
  308 1999      0.3968
  309 1999      0.3948
  310 1999      0.3690
  311 1999      0.3513
  312 1999      0.3380
  313 1999      0.3645
  314 1999      0.3821
  315 1999      0.3571
  316 1999      0.3368
  317 1999      0.3534
  318 1999      0.3384
  319 1999      0.3227
  320 1999      0.3309
  321 1999      0.3230
  322 1999      0.3121
  323 1999      0.3427
  324 1999      0.3327
  325 1999      0.3276
  326 1999      0.3209
  327 1999      0.3139
  328 1999      0.3085
  329 1999      0.3559
  330 1999      0.8698
  331 1999      0.9762
  332 1999      0.7933
  333 1999      0.6985
  334 1999      0.5992
  335 1999      0.5446
  336 1999      0.5035
  337 1999      0.4641
  338 1999      0.5596
  339 1999      0.4895
  340 1999      0.4755
  341 1999      0.4590
  342 1999      0.4235
  343 1999      0.4325
  344 1999      0.4562
  345 1999      0.4239
  346 1999      0.4150
  347 1999      0.4120
  348 1999      0.5759
  349 1999      0.5350
  350 1999      0.4824
  351 1999      0.4421
  352 1999      0.4294
  353 1999      0.4322
  354 1999      0.4886
  355 1999      0.4768
  356 1999      0.4717
  357 1999      0.4232
  358 1999      0.4269
  359 1999      0.4036
  360 1999      0.4217
  361 1999      0.4051
  362 1999      0.3906
  363 1999      0.3776
  364 1999      0.3656
  365 1999      0.3911
    1 2000      0.3795
    2 2000      0.6423
    3 2000      0.5447
    4 2000      0.6229
    5 2000      0.5448
    6 2000      0.4660
    7 2000      0.4414
    8 2000      0.4143
    9 2000      0.4068
   10 2000      0.6181
   11 2000      0.7464
   12 2000      0.6304
   13 2000      0.7820
   14 2000      0.6685
   15 2000      0.5831
   16 2000      0.5154
   17 2000      0.4949
   18 2000      0.4694
   19 2000      0.4617
   20 2000      0.4293
   21 2000      0.4395
   22 2000      0.4179
   23 2000      0.3999
   24 2000      0.4203
   25 2000      0.4049
   26 2000      0.3909
   27 2000      0.3780
   28 2000      0.3659
   29 2000      0.3911
   30 2000      0.3792
   31 2000      0.3679
   32 2000      0.3571
   33 2000      0.3468
   34 2000      0.3369
   35 2000      0.3649
   36 2000      0.3549
   37 2000      0.3452
   38 2000      0.3359
   39 2000      0.3270
   40 2000      0.3185
   41 2000      0.3103
   42 2000      0.3735
   43 2000      0.4791
   44 2000      0.4081
   45 2000      0.3947
   46 2000      0.8012
   47 2000      0.6537
   48 2000      0.5540
   49 2000      0.4870
   50 2000      0.4460
   51 2000      0.4064
   52 2000      0.3917
   53 2000      0.3543
   54 2000      0.8452
   55 2000      1.0004
   56 2000      0.7152
   57 2000      0.6549
   58 2000      0.7166
   59 2000      0.5693
   60 2000      0.9192
   61 2000      0.7702
   62 2000      0.6677
   63 2000      0.6030
   64 2000      0.5558
   65 2000      0.5175
   66 2000      0.4748
   67 2000      0.4520
   68 2000      0.4436
   69 2000      0.4660
   70 2000      0.4564
   71 2000      0.5631
   72 2000      0.7786
   73 2000      0.6710
   74 2000      0.5911
   75 2000      0.5300
   76 2000      0.5870
   77 2000      0.8781
   78 2000      0.7202
   79 2000      0.6251
   80 2000      0.5658
   81 2000      0.5306
   82 2000      0.4958
   83 2000      0.4808
   84 2000      0.4786
   85 2000      0.4398
   86 2000      0.4904
   87 2000      0.4786
   88 2000      0.5527
   89 2000      0.8444
   90 2000      0.7040
   91 2000      0.6189
   92 2000      0.5514
   93 2000      0.5307
   94 2000      0.6417
   95 2000      0.6081
   96 2000      0.9304
   97 2000      0.7758
   98 2000      0.6897
   99 2000      0.6283
  100 2000      0.6950
  101 2000      0.5782
  102 2000      1.0139
  103 2000      0.9330
  104 2000      0.8683
  105 2000      0.8746
  106 2000      0.7609
  107 2000      0.6659
  108 2000      0.6850
  109 2000      0.8418
  110 2000      0.7099
  111 2000      0.6227
  112 2000      0.8175
  113 2000      0.8491
  114 2000      0.7855
  115 2000      0.6836
  116 2000      0.6324
  117 2000      0.5833
  118 2000      0.5570
  119 2000      0.5324
  120 2000      0.5186
  121 2000      0.5173
  122 2000      0.4883
  123 2000      0.4922
  124 2000      0.4778
  125 2000      0.4586
  126 2000      0.4378
  127 2000      0.4592
  128 2000      0.4414
  129 2000      0.4280
  130 2000      0.4137
  131 2000      0.5092
  132 2000      0.4488
  133 2000      0.6040
  134 2000      0.5671
  135 2000      0.5683
  136 2000      0.8816
  137 2000      0.7344
  138 2000      0.6317
  139 2000      0.7462
  140 2000      0.7380
  141 2000      0.7145
  142 2000      0.6174
  143 2000      0.5889
  144 2000      0.5303
  145 2000      0.8202
  146 2000      0.5484
  147 2000      0.8603
  148 2000      0.7244
  149 2000      0.6512
  150 2000      0.5955
  151 2000      0.5578
  152 2000      0.5186
  153 2000      0.5000
  154 2000      0.7671
  155 2000      0.6406
  156 2000      0.5702
  157 2000      0.5601
  158 2000      0.6520
  159 2000      0.5944
  160 2000      0.9041
  161 2000      0.7638
  162 2000      0.6720
  163 2000      0.6053
  164 2000      0.9142
  165 2000      0.8526
  166 2000      0.7193
  167 2000      0.6285
  168 2000      0.5877
  169 2000      0.5365
  170 2000      0.6285
  171 2000      0.5632
  172 2000      0.5135
  173 2000      0.8219
  174 2000      0.6661
  175 2000      0.5944
  176 2000      0.5112
  177 2000      0.6389
  178 2000      0.5775
  179 2000      0.5366
  180 2000      0.4628
  181 2000      0.4635
  182 2000      0.4176
  183 2000      0.4202
  184 2000      0.3960
  185 2000      0.5665
  186 2000      0.4814
  187 2000      0.4452
  188 2000      0.4178
  189 2000      0.4143
  190 2000      0.3863
  191 2000      0.3947
  192 2000      0.3875
  193 2000      0.3739
  194 2000      0.3623
  195 2000      0.3521
  196 2000      0.3429
  197 2000      0.4456
  198 2000      0.5818
  199 2000      0.4949
  200 2000      0.4556
  201 2000      0.4001
  202 2000      0.3773
  203 2000      0.3774
  204 2000      0.3527
  205 2000      0.3356
  206 2000      0.3598
  207 2000      0.3485
  208 2000      0.3392
  209 2000      0.3311
  210 2000      0.3238
  211 2000      0.3235
  212 2000      0.3185
  213 2000      0.3144
  214 2000      0.3095
  215 2000      0.3431
  216 2000      0.3257
  217 2000      0.3255
  218 2000      0.3087
  219 2000      0.3403
  220 2000      0.3438
  221 2000      0.3312
  222 2000      0.3425
  223 2000      0.5722
  224 2000      0.8026
  225 2000      0.5756
  226 2000      0.8843
  227 2000      0.7545
  228 2000      0.6576
  229 2000      0.8491
  230 2000      0.6936
  231 2000      0.6197
  232 2000      0.5486
  233 2000      0.5032
  234 2000      0.4604
  235 2000      0.4413
  236 2000      0.5383
  237 2000      0.4709
  238 2000      0.4268
  239 2000      0.4139
  240 2000      0.4186
  241 2000      0.3950
  242 2000      0.3774
  243 2000      0.3632
  244 2000      0.3876
  245 2000      0.3760
  246 2000      0.3657
  247 2000      0.3866
  248 2000      0.3682
  249 2000      0.3529
  250 2000      0.3417
  251 2000      0.3705
  252 2000      0.3614
  253 2000      0.3529
  254 2000      0.3460
  255 2000      0.3386
  256 2000      0.3331
  257 2000      0.3265
  258 2000      0.5391
  259 2000      0.7753
  260 2000      0.6104
  261 2000      0.5308
  262 2000      0.4494
  263 2000      0.4249
  264 2000      0.3995
  265 2000      0.3958
  266 2000      0.3661
  267 2000      0.3723
  268 2000      0.3588
  269 2000      0.3554
  270 2000      0.3405
  271 2000      0.3377
  272 2000      0.3294
  273 2000      0.3219
  274 2000      0.3152
  275 2000      0.3089
  276 2000      0.3418
  277 2000      0.3349
  278 2000      0.3334
  279 2000      0.3731
  280 2000      0.5995
  281 2000      0.4711
  282 2000      0.4181
  283 2000      0.3799
  284 2000      0.3594
  285 2000      0.3407
  286 2000      0.3561
  287 2000      0.3399
  288 2000      0.3277
  289 2000      0.3180
  290 2000      0.4368
  291 2000      0.4358
  292 2000      0.7285
  293 2000      0.5882
  294 2000      0.5127
  295 2000      0.4562
  296 2000      0.4488
  297 2000      0.3969
  298 2000      0.3974
  299 2000      0.3719
  300 2000      0.3895
  301 2000      0.3731
  302 2000      0.3597
  303 2000      0.3482
  304 2000      0.3381
  305 2000      0.3665
  306 2000      0.3570
  307 2000      0.3482
  308 2000      0.3398
  309 2000      0.3319
  310 2000      0.3274
  311 2000      0.3205
  312 2000      0.3136
  313 2000      0.3069
  314 2000      0.3390
  315 2000      0.3223
  316 2000      0.3071
  317 2000      0.3150
  318 2000      0.3435
  319 2000      0.4179
  320 2000      0.3762
  321 2000      0.3516
  322 2000      0.3446
  323 2000      0.3343
  324 2000      0.3194
  325 2000      0.3024
  326 2000      0.2963
  327 2000      0.2910
  328 2000      0.2883
  329 2000      0.2828
  330 2000      0.2778
  331 2000      0.3621
  332 2000      0.4935
  333 2000      0.4132
  334 2000      0.3631
  335 2000      0.4518
  336 2000      0.4185
  337 2000      0.3936
  338 2000      0.3561
  339 2000      0.3705
  340 2000      0.3522
  341 2000      0.3382
  342 2000      0.3268
  343 2000      0.3171
  344 2000      0.3085
  345 2000      0.3393
  346 2000      0.3311
  347 2000      0.4088
  348 2000      0.3532
  349 2000      0.3339
  350 2000      0.3227
  351 2000      0.3193
  352 2000      0.8599
  353 2000      0.6622
  354 2000      0.9883
  355 2000      0.8374
  356 2000      0.6916
  357 2000      0.6169
  358 2000      0.5217
  359 2000      0.4809
  360 2000      0.4472
  361 2000      0.4065
  362 2000      0.3879
  363 2000      0.3467
  364 2000      0.3541
  365 2000      0.3307
  366 2000      0.3131
    1 2001      0.3377
    2 2001      0.3250
    3 2001      0.3144
    4 2001      0.3051
    5 2001      0.2968
    6 2001      0.2892
    7 2001      0.2822
    8 2001      0.3160
    9 2001      0.3089
   10 2001      0.3021
   11 2001      0.2956
   12 2001      0.2894
   13 2001      0.2835
   14 2001      0.2778
   15 2001      0.2955
   16 2001      0.2766
   17 2001      0.2899
   18 2001      0.2925
   19 2001      0.2866
   20 2001      0.2810
   21 2001      0.2755
   22 2001      0.2700
   23 2001      0.2647
   24 2001      0.2595
   25 2001      0.2545
   26 2001      0.2496
   27 2001      0.2865
   28 2001      0.2812
   29 2001      0.2760
   30 2001      0.2710
   31 2001      0.4814
   32 2001      0.7247
   33 2001      0.6622
   34 2001      0.5572
   35 2001      0.4919
   36 2001      0.4464
   37 2001      0.4051
   38 2001      0.3881
   39 2001      0.3874
   40 2001      0.3442
   41 2001      0.8762
   42 2001      0.7214
   43 2001      0.6018
   44 2001      0.5296
   45 2001      0.4723
   46 2001      0.5948
   47 2001      0.5068
   48 2001      0.4608
   49 2001      0.4236
   50 2001      0.4100
   51 2001      0.4115
   52 2001      0.7521
   53 2001      0.6308
   54 2001      0.5410
   55 2001      0.4706
   56 2001      0.4498
   57 2001      0.5478
   58 2001      0.4984
   59 2001      0.4602
   60 2001      0.4476
   61 2001      0.4046
   62 2001      0.4105
   63 2001      0.3866
   64 2001      0.3676
   65 2001      0.3880
   66 2001      0.3728
   67 2001      0.3591
   68 2001      0.3441
   69 2001      0.3720
   70 2001      0.3629
   71 2001      0.3494
   72 2001      0.5473
   73 2001      0.6118
   74 2001      0.6590
   75 2001      0.7921
   76 2001      0.8938
   77 2001      0.8164
   78 2001      0.7375
   79 2001      0.8226
   80 2001      0.5467
   81 2001      0.5237
   82 2001      0.5462
   83 2001      1.0097
   84 2001      0.9741
   85 2001      0.8239
   86 2001      0.7196
   87 2001      0.6533
   88 2001      0.5864
   89 2001      0.6859
   90 2001      0.6363
   91 2001      0.6205
   92 2001      0.6987
   93 2001      0.7643
   94 2001      0.9103
   95 2001      0.5562
   96 2001      0.6232
   97 2001      0.6006
   98 2001      1.0010
   99 2001      0.8556
  100 2001      0.7709
  101 2001      0.7094
  102 2001      0.6398
  103 2001      0.5912
  104 2001      0.5762
  105 2001      0.5504
  106 2001      0.5390
  107 2001      0.5029
  108 2001      0.5071
  109 2001      0.4814
  110 2001      0.4934
  111 2001      0.4670
  112 2001      0.4532
  113 2001      0.4705
  114 2001      0.4508
  115 2001      0.4363
  116 2001      0.4207
  117 2001      0.4410
  118 2001      0.4258
  119 2001      0.4112
  120 2001      0.3974
  121 2001      0.4203
  122 2001      0.4064
  123 2001      0.3932
  124 2001      0.3806
  125 2001      0.3684
  126 2001      0.3937
  127 2001      0.3814
  128 2001      0.3697
  129 2001      0.3585
  130 2001      0.3477
  131 2001      0.3374
  132 2001      0.3650
  133 2001      0.3544
  134 2001      0.3443
  135 2001      0.3346
  136 2001      0.3253
  137 2001      0.3163
  138 2001      0.3077
  139 2001      0.3379
  140 2001      0.3290
  141 2001      0.3204
  142 2001      0.3251
  143 2001      0.3304
  144 2001      0.3226
  145 2001      0.3150
  146 2001      0.3142
  147 2001      0.3139
  148 2001      0.3099
  149 2001      0.3054
  150 2001      0.3002
  151 2001      0.2940
  152 2001      0.2880
  153 2001      0.2868
  154 2001      0.3632
  155 2001      0.3226
  156 2001      0.3343
  157 2001      0.3116
  158 2001      0.2975
  159 2001      0.2877
  160 2001      0.2801
  161 2001      0.3138
  162 2001      0.3157
  163 2001      0.3119
  164 2001      0.3060
  165 2001      0.3006
  166 2001      0.2955
  167 2001      0.2907
  168 2001      0.3896
  169 2001      0.3418
  170 2001      0.3143
  171 2001      0.3340
  172 2001      0.2973
  173 2001      0.2802
  174 2001      0.2769
  175 2001      0.3083
  176 2001      0.2972
  177 2001      0.2955
  178 2001      0.2905
  179 2001      0.2859
  180 2001      0.2816
  181 2001      0.2779
  182 2001      0.2789
  183 2001      0.2755
  184 2001      0.2718
  185 2001      0.2717
  186 2001      0.2700
  187 2001      0.2666
  188 2001      0.2646
  189 2001      0.2613
  190 2001      0.2581
  191 2001      0.2549
  192 2001      0.2584
  193 2001      0.2553
  194 2001      0.2523
  195 2001      0.2493
  196 2001      0.2463
  197 2001      0.2849
  198 2001      0.2826
  199 2001      0.2794
  200 2001      0.2762
  201 2001      0.2730
  202 2001      0.2699
  203 2001      0.2669
  204 2001      0.2639
  205 2001      0.2610
  206 2001      0.2581
  207 2001      0.2785
  208 2001      0.2775
  209 2001      0.2732
  210 2001      0.2696
  211 2001      0.2664
  212 2001      0.2634
  213 2001      0.2605
  214 2001      0.2576
  215 2001      0.3134
  216 2001      0.3163
  217 2001      0.2828
  218 2001      0.2917
  219 2001      0.2767
  220 2001      0.2687
  221 2001      0.2636
  222 2001      0.2627
  223 2001      0.2605
  224 2001      0.2574
  225 2001      0.2549
  226 2001      0.2523
  227 2001      0.2497
  228 2001      0.2472
  229 2001      0.2863
  230 2001      0.2834
  231 2001      0.2805
  232 2001      0.2768
  233 2001      0.2848
  234 2001      0.2706
  235 2001      0.2631
  236 2001      0.2584
  237 2001      0.2548
  238 2001      0.2519
  239 2001      0.2490
  240 2001      0.2495
  241 2001      0.2471
  242 2001      0.2862
  243 2001      0.2856
  244 2001      0.2480
  245 2001      0.2456
  246 2001      0.2845
  247 2001      0.2451
  248 2001      0.2839
  249 2001      0.2811
  250 2001      0.2784
  251 2001      0.2756
  252 2001      0.2729
  253 2001      0.2702
  254 2001      0.2676
  255 2001      0.2650
  256 2001      0.2624
  257 2001      0.2750
  258 2001      0.2723
  259 2001      0.2696
  260 2001      0.2670
  261 2001      0.2644
  262 2001      0.2618
  263 2001      0.2657
  264 2001      0.2659
  265 2001      0.2633
  266 2001      0.2607
  267 2001      0.2588
  268 2001      0.3505
  269 2001      0.2880
  270 2001      0.2766
  271 2001      0.2634
  272 2001      0.2526
  273 2001      0.2462
  274 2001      0.2830
  275 2001      0.2791
  276 2001      0.2757
  277 2001      0.2727
  278 2001      0.2699
  279 2001      0.2697
  280 2001      0.2672
  281 2001      0.2645
  282 2001      0.2619
  283 2001      0.2594
  284 2001      0.2569
  285 2001      0.2544
  286 2001      0.2519
  287 2001      0.2494
  288 2001      0.2584
  289 2001      0.2559
  290 2001      0.2488
  291 2001      0.2745
  292 2001      0.2671
  293 2001      0.2615
  294 2001      0.2593
  295 2001      0.2564
  296 2001      0.2538
  297 2001      0.2564
  298 2001      0.2539
  299 2001      0.2515
  300 2001      0.2490
  301 2001      0.2466
  302 2001      0.2442
  303 2001      0.2418
  304 2001      0.2395
  305 2001      0.2372
  306 2001      0.2349
  307 2001      0.2349
  308 2001      0.2326
  309 2001      0.2381
  310 2001      0.2358
  311 2001      0.2336
  312 2001      0.2313
  313 2001      0.2291
  314 2001      0.2268
  315 2001      0.2246
  316 2001      0.2225
  317 2001      0.2203
  318 2001      0.2182
  319 2001      0.2210
  320 2001      0.2189
  321 2001      0.2167
  322 2001      0.2146
  323 2001      0.2126
  324 2001      0.2127
  325 2001      0.2129
  326 2001      0.2537
  327 2001      0.2513
  328 2001      0.2489
  329 2001      0.2223
  330 2001      0.2201
  331 2001      0.2180
  332 2001      0.2170
  333 2001      0.2181
  334 2001      0.2457
  335 2001      0.3745
  336 2001      0.3101
  337 2001      0.3012
  338 2001      0.3074
  339 2001      0.3032
  340 2001      0.2931
  341 2001      0.2853
  342 2001      0.2758
  343 2001      0.2901
  344 2001      0.2787
  345 2001      0.2703
  346 2001      0.2642
  347 2001      0.2594
  348 2001      0.2600
  349 2001      0.2566
  350 2001      0.2527
  351 2001      0.2846
  352 2001      0.3477
  353 2001      0.3323
  354 2001      0.3176
  355 2001      0.3306
  356 2001      0.3333
  357 2001      0.3286
  358 2001      0.3361
  359 2001      0.3335
  360 2001      0.3273
  361 2001      0.3203
  362 2001      0.3127
  363 2001      0.3442
  364 2001      0.3355
  365 2001      0.3270
    1 2002      0.3188
    2 2002      0.3108
    3 2002      0.3031
    4 2002      0.2957
    5 2002      0.2885
    6 2002      0.2816
    7 2002      0.3153
    8 2002      0.3080
    9 2002      0.3009
   10 2002      0.2979
   11 2002      0.4162
   12 2002      0.3613
   13 2002      0.6588
   14 2002      0.5343
   15 2002      0.4941
   16 2002      0.4745
   17 2002      0.4303
   18 2002      0.4699
   19 2002      0.4477
   20 2002      0.4046
   21 2002      0.4110
   22 2002      0.3873
   23 2002      0.5056
   24 2002      0.9372
   25 2002      0.7589
   26 2002      0.6568
   27 2002      0.5504
   28 2002      0.5137
   29 2002      0.4900
   30 2002      0.5383
   31 2002      0.5375
   32 2002      0.5660
   33 2002      0.5040
   34 2002      0.4623
   35 2002      0.4486
   36 2002      0.4388
   37 2002      0.4242
   38 2002      0.4385
   39 2002      0.4196
   40 2002      0.3985
   41 2002      0.3895
   42 2002      0.6635
   43 2002      0.5710
   44 2002      0.5065
   45 2002      0.4746
   46 2002      0.4431
   47 2002      0.7056
   48 2002      0.6006
   49 2002      0.5291
   50 2002      0.4865
   51 2002      0.4501
   52 2002      0.4364
   53 2002      0.4372
   54 2002      0.4100
   55 2002      0.3887
   56 2002      0.4060
   57 2002      0.3894
   58 2002      0.3721
   59 2002      0.3627
   60 2002      0.3866
   61 2002      0.3739
   62 2002      0.4011
   63 2002      0.3982
   64 2002      0.3680
   65 2002      0.3479
   66 2002      0.3646
   67 2002      0.3571
   68 2002      0.3452
   69 2002      0.3324
   70 2002      0.3245
   71 2002      0.3153
   72 2002      0.3066
   73 2002      0.3365
   74 2002      0.3276
   75 2002      0.3189
   76 2002      0.3109
   77 2002      0.3054
   78 2002      0.2979
   79 2002      0.2953
   80 2002      0.2924
   81 2002      0.2935
   82 2002      0.2872
   83 2002      0.2807
   84 2002      0.3147
   85 2002      0.3092
   86 2002      0.7175
   87 2002      0.5988
   88 2002      0.6004
   89 2002      0.5286
   90 2002      0.4749
   91 2002      0.4551
   92 2002      0.4191
   93 2002      0.4189
   94 2002      0.4181
   95 2002      0.4072
   96 2002      0.3890
   97 2002      0.3734
   98 2002      0.3936
   99 2002      0.3845
  100 2002      0.3732
  101 2002      0.3641
  102 2002      0.3516
  103 2002      0.3578
  104 2002      0.3406
  105 2002      0.7126
  106 2002      0.5617
  107 2002      0.4999
  108 2002      0.4520
  109 2002      0.4004
  110 2002      0.3897
  111 2002      0.3703
  112 2002      0.3827
  113 2002      0.3548
  114 2002      0.3480
  115 2002      0.3703
  116 2002      0.3630
  117 2002      0.3559
  118 2002      0.3660
  119 2002      0.7232
  120 2002      0.5803
  121 2002      0.7601
  122 2002      0.9227
  123 2002      0.7479
  124 2002      0.6320
  125 2002      0.5683
  126 2002      0.5094
  127 2002      0.4877
  128 2002      0.4721
  129 2002      0.4631
  130 2002      0.5030
  131 2002      0.4492
  132 2002      0.6409
  133 2002      0.8602
  134 2002      0.8987
  135 2002      0.7397
  136 2002      0.6483
  137 2002      0.5908
  138 2002      0.8684
  139 2002      0.7229
  140 2002      0.6162
  141 2002      0.5796
  142 2002      0.5384
  143 2002      0.4989
  144 2002      0.4705
  145 2002      0.4448
  146 2002      0.4397
  147 2002      0.4261
  148 2002      0.4355
  149 2002      0.4193
  150 2002      0.4066
  151 2002      0.3933
  152 2002      0.4061
  153 2002      0.4167
  154 2002      0.4037
  155 2002      0.3887
  156 2002      0.3733
  157 2002      0.4035
  158 2002      0.9794
  159 2002      0.8913
  160 2002      0.7396
  161 2002      0.6143
  162 2002      0.5601
  163 2002      0.5059
  164 2002      0.4828
  165 2002      0.4379
  166 2002      0.4282
  167 2002      0.4463
  168 2002      0.6182
  169 2002      0.5236
  170 2002      0.4834
  171 2002      0.4345
  172 2002      0.4175
  173 2002      0.4192
  174 2002      0.3850
  175 2002      0.3696
  176 2002      0.3623
  177 2002      0.3856
  178 2002      0.3703
  179 2002      0.4511
  180 2002      0.4221
  181 2002      0.3678
  182 2002      0.3727
  183 2002      0.3519
  184 2002      0.3372
  185 2002      0.3630
  186 2002      0.3523
  187 2002      0.3429
  188 2002      0.3343
  189 2002      0.3264
  190 2002      0.3308
  191 2002      0.3236
  192 2002      0.3160
  193 2002      0.3091
  194 2002      0.3415
  195 2002      0.3346
  196 2002      0.3280
  197 2002      0.3216
  198 2002      0.3155
  199 2002      0.3096
  200 2002      0.3133
  201 2002      0.3077
  202 2002      0.3023
  203 2002      0.2970
  204 2002      0.3289
  205 2002      0.3133
  206 2002      0.3036
  207 2002      0.2967
  208 2002      0.2914
  209 2002      0.2871
  210 2002      0.2827
  211 2002      0.2783
  212 2002      0.3142
  213 2002      0.3095
  214 2002      0.3097
  215 2002      0.3052
  216 2002      0.3008
  217 2002      0.3115
  218 2002      0.3072
  219 2002      0.3030
  220 2002      0.2989
  221 2002      0.2949
  222 2002      0.2910
  223 2002      0.2871
  224 2002      0.2834
  225 2002      0.2797
  226 2002      0.2761
  227 2002      0.2726
  228 2002      0.2692
  229 2002      0.2876
  230 2002      0.2841
  231 2002      0.2806
  232 2002      0.2783
  233 2002      0.2750
  234 2002      0.2717
  235 2002      0.2685
  236 2002      0.2914
  237 2002      0.3041
  238 2002      0.2919
  239 2002      0.2850
  240 2002      0.2803
  241 2002      0.3398
  242 2002      0.2818
  243 2002      0.2992
  244 2002      0.2878
  245 2002      0.2812
  246 2002      0.2766
  247 2002      0.6782
  248 2002      0.5290
  249 2002      0.4598
  250 2002      0.4115
  251 2002      0.3770
  252 2002      0.3702
  253 2002      0.3420
  254 2002      0.3600
  255 2002      0.3446
  256 2002      0.3326
  257 2002      0.3227
  258 2002      0.3135
  259 2002      0.3483
  260 2002      0.3227
  261 2002      0.3076
  262 2002      0.3361
  263 2002      0.3278
  264 2002      0.3304
  265 2002      0.8868
  266 2002      0.7452
  267 2002      0.6205
  268 2002      0.5422
  269 2002      0.4803
  270 2002      0.8786
  271 2002      0.7268
  272 2002      0.6056
  273 2002      0.5595
  274 2002      0.5140
  275 2002      0.4731
  276 2002      0.5643
  277 2002      0.4850
  278 2002      0.4988
  279 2002      0.4389
  280 2002      0.4134
  281 2002      0.4097
  282 2002      0.4194
  283 2002      0.3982
  284 2002      0.6024
  285 2002      0.9968
  286 2002      0.8407
  287 2002      0.6984
  288 2002      0.6093
  289 2002      0.5763
  290 2002      0.9070
  291 2002      0.7589
  292 2002      0.7288
  293 2002      0.6148
  294 2002      0.5534
  295 2002      0.5137
  296 2002      0.5078
  297 2002      0.4901
  298 2002      0.4510
  299 2002      0.6326
  300 2002      0.5435
  301 2002      0.4867
  302 2002      0.4466
  303 2002      0.4329
  304 2002      0.4349
  305 2002      0.4095
  306 2002      0.4220
  307 2002      0.4121
  308 2002      0.3966
  309 2002      0.3830
  310 2002      0.3685
  311 2002      0.3973
  312 2002      0.3858
  313 2002      0.3751
  314 2002      0.3649
  315 2002      0.3560
  316 2002      0.4787
  317 2002      0.4390
  318 2002      0.3994
  319 2002      0.3857
  320 2002      0.6098
  321 2002      0.6956
  322 2002      0.6290
  323 2002      0.9145
  324 2002      0.7466
  325 2002      0.6461
  326 2002      0.5782
  327 2002      0.6876
  328 2002      0.5981
  329 2002      0.5385
  330 2002      0.5518
  331 2002      0.5171
  332 2002      0.4849
  333 2002      0.4752
  334 2002      0.4434
  335 2002      0.5080
  336 2002      0.4948
  337 2002      0.4446
  338 2002      0.4462
  339 2002      0.4216
  340 2002      0.4369
  341 2002      0.4192
  342 2002      0.4036
  343 2002      0.3897
  344 2002      0.4123
  345 2002      0.3993
  346 2002      0.3871
  347 2002      0.3755
  348 2002      0.4162
  349 2002      0.4066
  350 2002      0.3727
  351 2002      0.3874
  352 2002      0.3701
  353 2002      0.3564
  354 2002      0.7588
  355 2002      0.9249
  356 2002      0.9154
  357 2002      0.9576
  358 2002      0.7757
  359 2002      0.6613
  360 2002      0.5995
  361 2002      0.5140
  362 2002      0.4757
  363 2002      0.4711
  364 2002      0.5118
  365 2002      0.5330
    1 2003      0.4753
    2 2003      0.4510
    3 2003      0.4389
    4 2003      0.4052
    5 2003      0.4168
    6 2003      0.3962
    7 2003      0.3794
    8 2003      0.3650
    9 2003      0.3887
   10 2003      0.3760
   11 2003      0.3642
   12 2003      0.3533
   13 2003      0.3430
   14 2003      0.3714
   15 2003      0.3610
   16 2003      0.3512
   17 2003      0.3418
   18 2003      0.3328
   19 2003      0.3241
   20 2003      0.3158
   21 2003      0.3078
   22 2003      0.3387
   23 2003      0.3304
   24 2003      0.3224
   25 2003      0.3148
   26 2003      0.3074
   27 2003      0.3003
   28 2003      0.2934
   29 2003      0.2868
   30 2003      0.2805
   31 2003      0.3145
   32 2003      0.3077
   33 2003      0.3012
   34 2003      0.2949
   35 2003      0.4638
   36 2003      0.5190
   37 2003      0.4639
   38 2003      0.4157
   39 2003      0.3774
   40 2003      0.3667
   41 2003      0.3324
   42 2003      0.3090
   43 2003      0.3294
   44 2003      0.3147
   45 2003      0.3028
   46 2003      0.2928
   47 2003      0.2840
   48 2003      0.3165
   49 2003      0.3082
   50 2003      0.3006
   51 2003      0.2933
   52 2003      0.3124
   53 2003      0.6295
   54 2003      0.8565
   55 2003      0.8427
   56 2003      0.6864
   57 2003      0.5992
   58 2003      0.5145
   59 2003      0.4916
   60 2003      0.4397
   61 2003      0.4142
   62 2003      0.4064
   63 2003      0.3734
   64 2003      0.3848
   65 2003      0.4190
   66 2003      0.3687
   67 2003      0.3666
   68 2003      0.3797
   69 2003      0.4899
   70 2003      0.4452
   71 2003      0.4107
   72 2003      0.6902
   73 2003      0.5643
   74 2003      0.5083
   75 2003      0.8975
   76 2003      0.6588
   77 2003      0.7352
   78 2003      0.7332
   79 2003      0.7543
   80 2003      0.6864
   81 2003      0.5392
   82 2003      0.8823
   83 2003      0.7816
   84 2003      0.6902
   85 2003      0.6091
   86 2003      0.5769
   87 2003      0.5493
   88 2003      0.5707
   89 2003      0.5881
   90 2003      0.5186
   91 2003      0.5166
   92 2003      0.4930
   93 2003      0.4802
   94 2003      0.5875
   95 2003      0.9336
   96 2003      0.7896
   97 2003      0.6905
   98 2003      0.6204
   99 2003      0.5687
  100 2003      0.5467
  101 2003      0.5173
  102 2003      0.5044
  103 2003      0.4682
  104 2003      0.4728
  105 2003      0.4481
  106 2003      0.4614
  107 2003      0.4417
  108 2003      0.4195
  109 2003      0.4400
  110 2003      0.4272
  111 2003      0.4121
  112 2003      0.3969
  113 2003      0.4206
  114 2003      0.4066
  115 2003      0.3932
  116 2003      0.4720
  117 2003      0.4308
  118 2003      0.4198
  119 2003      0.3883
  120 2003      0.3666
  121 2003      0.3831
  122 2003      0.8004
  123 2003      0.6549
  124 2003      0.5380
  125 2003      0.4863
  126 2003      0.4451
  127 2003      0.4288
  128 2003      0.4315
  129 2003      0.4230
  130 2003      0.3874
  131 2003      0.4866
  132 2003      0.6010
  133 2003      0.5394
  134 2003      0.4748
  135 2003      0.4615
  136 2003      0.4273
  137 2003      0.4039
  138 2003      0.4143
  139 2003      0.3938
  140 2003      0.3774
  141 2003      0.3635
  142 2003      0.3876
  143 2003      0.3727
  144 2003      0.3811
  145 2003      0.3638
  146 2003      0.4175
  147 2003      0.4641
  148 2003      0.4276
  149 2003      0.3972
  150 2003      0.3906
  151 2003      0.4089
  152 2003      0.6902
  153 2003      0.5497
  154 2003      0.4910
  155 2003      0.4387
  156 2003      0.3983
  157 2003      0.3776
  158 2003      0.4182
  159 2003      0.4043
  160 2003      0.3825
  161 2003      0.3620
  162 2003      0.3699
  163 2003      0.3571
  164 2003      0.3599
  165 2003      0.8929
  166 2003      0.7076
  167 2003      0.5889
  168 2003      0.5260
  169 2003      0.4551
  170 2003      0.4204
  171 2003      0.4293
  172 2003      0.7825
  173 2003      0.6465
  174 2003      0.5610
  175 2003      0.5088
  176 2003      0.4470
  177 2003      0.4191
  178 2003      0.4112
  179 2003      0.4171
  180 2003      0.3931
  181 2003      0.3747
  182 2003      0.3968
  183 2003      0.3827
  184 2003      0.3704
  185 2003      0.3594
  186 2003      0.3503
  187 2003      0.5681
  188 2003      0.5023
  189 2003      0.4498
  190 2003      0.4177
  191 2003      0.3902
  192 2003      0.9884
  193 2003      0.7892
  194 2003      0.6665
  195 2003      0.5581
  196 2003      0.5006
  197 2003      0.5246
  198 2003      0.4662
  199 2003      0.4707
  200 2003      0.4352
  201 2003      0.4058
  202 2003      0.4252
  203 2003      0.8618
  204 2003      0.6951
  205 2003      0.5702
  206 2003      0.5356
  207 2003      0.4918
  208 2003      0.4388
  209 2003      0.4383
  210 2003      0.4025
  211 2003      0.4125
  212 2003      0.3915
  213 2003      0.5006
  214 2003      0.5494
  215 2003      0.4684
  216 2003      0.6458
  217 2003      0.5437
  218 2003      0.4736
  219 2003      0.4567
  220 2003      0.4305
  221 2003      0.4131
  222 2003      0.5723
  223 2003      0.4893
  224 2003      0.8800
  225 2003      0.7004
  226 2003      0.6005
  227 2003      0.5169
  228 2003      0.5724
  229 2003      0.5072
  230 2003      0.4577
  231 2003      0.4196
  232 2003      0.4067
  233 2003      0.4097
  234 2003      0.3850
  235 2003      0.3665
  236 2003      0.3881
  237 2003      0.3747
  238 2003      0.3631
  239 2003      0.3527
  240 2003      0.3433
  241 2003      0.3351
  242 2003      0.8565
  243 2003      0.8466
  244 2003      0.7404
  245 2003      0.7029
  246 2003      0.5919
  247 2003      0.6351
  248 2003      0.9999
  249 2003      0.8364
  250 2003      0.7372
  251 2003      0.6484
  252 2003      0.5937
  253 2003      0.5523
  254 2003      0.5411
  255 2003      0.5182
  256 2003      0.5096
  257 2003      0.4759
  258 2003      0.4746
  259 2003      0.4655
  260 2003      0.4480
  261 2003      0.4623
  262 2003      0.4526
  263 2003      0.4537
  264 2003      0.4284
  265 2003      0.4452
  266 2003      1.0018
  267 2003      0.7933
  268 2003      0.6577
  269 2003      0.5949
  270 2003      0.5417
  271 2003      0.5636
  272 2003      0.8644
  273 2003      0.7169
  274 2003      0.6356
  275 2003      0.6053
  276 2003      0.5571
  277 2003      0.7939
  278 2003      0.6882
  279 2003      0.5942
  280 2003      0.5513
  281 2003      0.4938
  282 2003      0.4662
  283 2003      0.4567
  284 2003      0.4594
  285 2003      0.4338
  286 2003      0.4136
  287 2003      0.4310
  288 2003      0.8165
  289 2003      0.6519
  290 2003      0.5658
  291 2003      0.5077
  292 2003      0.6313
  293 2003      0.5525
  294 2003      0.4966
  295 2003      0.4482
  296 2003      0.4148
  297 2003      0.4269
  298 2003      0.3996
  299 2003      0.4481
  300 2003      0.6092
  301 2003      0.6474
  302 2003      0.8111
  303 2003      0.6387
  304 2003      1.0038
  305 2003      0.8497
  306 2003      0.7373
  307 2003      0.6739
  308 2003      0.6077
  309 2003      0.5957
  310 2003      0.5491
  311 2003      0.5016
  312 2003      0.4785
  313 2003      0.4709
  314 2003      0.4392
  315 2003      0.4480
  316 2003      0.4267
  317 2003      0.4375
  318 2003      0.4393
  319 2003      0.4441
  320 2003      0.4175
  321 2003      0.3920
  322 2003      0.4192
  323 2003      0.6741
  324 2003      0.5294
  325 2003      0.8357
  326 2003      0.7157
  327 2003      0.6243
  328 2003      0.5491
  329 2003      0.8112
  330 2003      0.6661
  331 2003      0.5902
  332 2003      0.8608
  333 2003      0.7048
  334 2003      0.6306
  335 2003      0.5508
  336 2003      0.5361
  337 2003      0.4878
  338 2003      0.4658
  339 2003      0.4604
  340 2003      0.4296
  341 2003      0.4412
  342 2003      0.4208
  343 2003      0.4037
  344 2003      0.3889
  345 2003      0.8662
  346 2003      0.6926
  347 2003      0.5255
  348 2003      0.8543
  349 2003      0.7022
  350 2003      0.6326
  351 2003      0.5779
  352 2003      0.5163
  353 2003      0.4767
  354 2003      0.4661
  355 2003      0.4457
  356 2003      0.4046
  357 2003      0.6827
  358 2003      0.5248
  359 2003      0.8721
  360 2003      0.6790
  361 2003      0.5429
  362 2003      0.8691
  363 2003      0.7490
  364 2003      0.6437
  365 2003      0.6000
    1 2004      0.5279
    2 2004      0.4882
    3 2004      0.6412
    4 2004      0.5686
    5 2004      0.5550
    6 2004      0.5209
    7 2004      0.4703
    8 2004      0.4493
    9 2004      0.4452
   10 2004      0.4165
   11 2004      0.4285
   12 2004      0.4090
   13 2004      0.3925
   14 2004      0.4135
   15 2004      0.3993
   16 2004      0.3862
   17 2004      0.3740
   18 2004      0.3626
   19 2004      0.3882
   20 2004      0.3769
   21 2004      0.3662
   22 2004      0.3559
   23 2004      0.3461
   24 2004      0.3367
   25 2004      0.3652
   26 2004      0.3556
   27 2004      0.3464
   28 2004      0.3375
   29 2004      0.3290
   30 2004      0.3208
   31 2004      0.3130
   32 2004      0.3446
   33 2004      0.3364
   34 2004      0.3285
   35 2004      0.3209
   36 2004      0.3136
   37 2004      0.3065
   38 2004      0.2997
   39 2004      0.2932
   40 2004      0.2869
   41 2004      0.2817
   42 2004      0.2914
   43 2004      0.2846
   44 2004      0.3133
   45 2004      0.3036
   46 2004      0.2957
   47 2004      0.2888
   48 2004      0.2826
   49 2004      0.2768
   50 2004      0.2714
   51 2004      0.2662
   52 2004      0.2635
   53 2004      0.4115
   54 2004      0.3359
   55 2004      0.3194
   56 2004      0.3134
   57 2004      0.2853
   58 2004      0.3008
   59 2004      0.3009
   60 2004      0.6941
   61 2004      0.8343
   62 2004      0.5989
   63 2004      0.6729
   64 2004      0.5231
   65 2004      0.8376
   66 2004      0.7429
   67 2004      0.6479
   68 2004      0.6729
   69 2004      0.5719
   70 2004      0.5077
   71 2004      0.4790
   72 2004      0.4674
   73 2004      0.4333
   74 2004      0.4325
   75 2004      0.4039
   76 2004      0.4759
   77 2004      0.4216
   78 2004      0.4002
   79 2004      0.4004
   80 2004      0.3644
   81 2004      0.4703
   82 2004      0.4461
   83 2004      0.4221
   84 2004      0.4436
   85 2004      0.6108
   86 2004      0.5329
   87 2004      0.5263
   88 2004      0.4616
   89 2004      0.4656
   90 2004      0.4225
   91 2004      0.4269
   92 2004      0.5064
   93 2004      0.5502
   94 2004      0.4914
   95 2004      0.4497
   96 2004      0.4328
   97 2004      0.3981
   98 2004      0.4092
   99 2004      0.3892
  100 2004      0.3729
  101 2004      0.3959
  102 2004      0.3821
  103 2004      0.3695
  104 2004      0.4197
  105 2004      0.4388
  106 2004      0.4022
  107 2004      0.3759
  108 2004      0.3753
  109 2004      0.5136
  110 2004      0.4437
  111 2004      0.3994
  112 2004      0.3695
  113 2004      0.3492
  114 2004      0.3644
  115 2004      0.3468
  116 2004      0.4587
  117 2004      0.8202
  118 2004      0.6482
  119 2004      0.5738
  120 2004      0.5082
  121 2004      0.4708
  122 2004      0.4350
  123 2004      0.4231
  124 2004      0.5560
  125 2004      0.4736
  126 2004      0.4592
  127 2004      0.4083
  128 2004      0.3868
  129 2004      0.3758
  130 2004      0.3533
  131 2004      0.3385
  132 2004      0.3669
  133 2004      0.3597
  134 2004      0.3571
  135 2004      0.3458
  136 2004      0.3635
  137 2004      0.3353
  138 2004      0.3496
  139 2004      0.4195
  140 2004      0.3679
  141 2004      0.3586
  142 2004      0.3298
  143 2004      0.3188
  144 2004      0.3827
  145 2004      0.6717
  146 2004      0.5410
  147 2004      0.7266
  148 2004      0.6006
  149 2004      0.9337
  150 2004      0.7735
  151 2004      0.6942
  152 2004      0.6041
  153 2004      0.6564
  154 2004      0.5791
  155 2004      0.6649
  156 2004      0.5790
  157 2004      0.5221
  158 2004      0.5121
  159 2004      0.4764
  160 2004      0.4440
  161 2004      0.7205
  162 2004      0.5998
  163 2004      0.5153
  164 2004      0.4657
  165 2004      0.4604
  166 2004      0.4467
  167 2004      0.4111
  168 2004      0.4221
  169 2004      0.3939
  170 2004      0.3856
  171 2004      0.3714
  172 2004      0.3960
  173 2004      0.3837
  174 2004      0.3725
  175 2004      0.3621
  176 2004      0.3523
  177 2004      0.3428
  178 2004      0.3435
  179 2004      0.3354
  180 2004      0.3647
  181 2004      0.3634
  182 2004      0.3550
  183 2004      0.3463
  184 2004      0.3383
  185 2004      0.3307
  186 2004      0.3235
  187 2004      0.3166
  188 2004      0.3103
  189 2004      0.3194
  190 2004      0.3604
  191 2004      0.3298
  192 2004      0.3139
  193 2004      0.3430
  194 2004      0.3346
  195 2004      0.3282
  196 2004      0.3227
  197 2004      0.3487
  198 2004      0.3327
  199 2004      0.3444
  200 2004      0.3225
  201 2004      0.3137
  202 2004      0.3079
  203 2004      0.3140
  204 2004      0.3255
  205 2004      0.3102
  206 2004      0.2990
  207 2004      0.2951
  208 2004      0.2897
  209 2004      0.2850
  210 2004      0.8864
  211 2004      0.7026
  212 2004      0.7106
  213 2004      0.6004
  214 2004      0.5933
  215 2004      0.5355
  216 2004      0.4898
  217 2004      0.4531
  218 2004      0.4219
  219 2004      0.5221
  220 2004      0.4635
  221 2004      0.4443
  222 2004      0.4001
  223 2004      0.4030
  224 2004      0.3801
  225 2004      0.3635
  226 2004      0.5659
  227 2004      0.4666
  228 2004      0.4462
  229 2004      0.4902
  230 2004      0.7717
  231 2004      0.6321
  232 2004      0.5515
  233 2004      0.4700
  234 2004      1.0269
  235 2004      0.8410
  236 2004      0.6871
  237 2004      0.5908
  238 2004      0.5556
  239 2004      0.5133
  240 2004      0.4788
  241 2004      0.4588
  242 2004      0.4195
  243 2004      0.4253
  244 2004      0.4951
  245 2004      0.4570
  246 2004      0.4300
  247 2004      0.3921
  248 2004      0.4023
  249 2004      0.3833
  250 2004      0.3686
  251 2004      0.3930
  252 2004      0.3800
  253 2004      0.5789
  254 2004      0.4949
  255 2004      0.4278
  256 2004      0.4211
  257 2004      0.3727
  258 2004      0.3787
  259 2004      0.3573
  260 2004      0.3419
  261 2004      0.7232
  262 2004      0.7717
  263 2004      0.5930
  264 2004      0.9116
  265 2004      0.7631
  266 2004      0.6572
  267 2004      0.5793
  268 2004      0.5318
  269 2004      0.4954
  270 2004      0.4554
  271 2004      0.4362
  272 2004      0.5170
  273 2004      0.4710
  274 2004      0.4376
  275 2004      0.3953
  276 2004      0.4027
  277 2004      0.3816
  278 2004      0.3656
  279 2004      0.3889
  280 2004      0.3766
  281 2004      0.3657
  282 2004      0.3558
  283 2004      0.3467
  284 2004      0.3382
  285 2004      0.3678
  286 2004      0.3593
  287 2004      0.3512
  288 2004      0.3434
  289 2004      0.3359
  290 2004      0.3287
  291 2004      0.3218
  292 2004      0.3151
  293 2004      0.3087
  294 2004      0.3413
  295 2004      0.3346
  296 2004      0.3280
  297 2004      0.3217
  298 2004      0.3156
  299 2004      0.3097
  300 2004      0.3040
  301 2004      0.2985
  302 2004      0.2932
  303 2004      0.2880
  304 2004      0.2830
  305 2004      0.2781
  306 2004      0.3134
  307 2004      0.3081
  308 2004      0.3030
  309 2004      0.2981
  310 2004      0.2933
  311 2004      0.2886
  312 2004      0.2841
  313 2004      0.2797
  314 2004      0.2754
  315 2004      0.2713
  316 2004      0.2672
  317 2004      0.2633
  318 2004      0.2594
  319 2004      0.2557
  320 2004      0.2520
  321 2004      0.2484
  322 2004      0.2866
  323 2004      0.2827
  324 2004      0.2788
  325 2004      0.2750
  326 2004      0.2713
  327 2004      0.2677
  328 2004      0.2642
  329 2004      0.2607
  330 2004      0.2574
  331 2004      0.2541
  332 2004      0.2508
  333 2004      0.2477
  334 2004      0.2446
  335 2004      0.2415
  336 2004      0.2386
  337 2004      0.2356
  338 2004      0.2328
  339 2004      0.2300
  340 2004      0.2272
  341 2004      0.2245
  342 2004      0.2219
  343 2004      0.2193
  344 2004      0.2167
  345 2004      0.2142
  346 2004      0.2118
  347 2004      0.2519
  348 2004      0.2491
  349 2004      0.2463
  350 2004      0.2435
  351 2004      0.2408
  352 2004      0.2381
  353 2004      0.2354
  354 2004      0.2328
  355 2004      0.2303
  356 2004      0.2278
  357 2004      0.2253
  358 2004      0.2228
  359 2004      0.2204
  360 2004      0.2181
  361 2004      0.2157
  362 2004      0.2134
  363 2004      0.2112
  364 2004      0.2089
  365 2004      0.2067
